1587703497,335562543,3093276078,5016610977
1158454701,325882005,3093323449,4577709698
1166458792,335915601,3093257345,4595694255
720934312,304831527,3093283513,4119100376
279169419,322433561,3093308340,3694987068
1026360755,313800797,3093263631,4433482766
318675083,308817676,3093277996,3720847026
1171603956,317351061,3093269744,4582280679
503226324,327060130,3093381400,3923741183
2090718626,319452793,3093331037,5503557844
823007244,323154624,3093253096,4239475380
584154775,336718943,3093290777,4014239414
1691939538,315992334,3093280288,5101295272
438595021,326998985,3093373592,3859060148
2134219972,320823175,3093308451,5548422911
645276171,304827127,3093241708,4043422086
685844217,321344489,3093309671,4100565779
452375405,311712044,3093269692,3857444163
1345532868,325743831,3093375954,4764721228
1053774189,327403745,3093261767,4474496218
303996998,317990241,3093245771,3715292409
1372689238,315785211,3093278404,4781805703
451882188,321943925,3093241602,3867116493
1334713009,313734598,3093255838,4741781599
1169045429,310923596,3093287153,4573331142
562862782,322785098,3093318012,3979027338
981051675,328910944,3093254092,4403272877
832108959,340819846,3093346876,4266362609
1113109455,331700064,3093358063,4538233420
328053766,323193818,3093267173,3744607314
547985939,342549855,3093277697,3983866079
1174276518,313003355,3093370852,4580702879
1373689764,332656760,3093317211,4799754866
423329622,316893235,3093321759,3833597506
893108818,319634000,3093308890,4306135724
559464833,316626126,3093377890,3969539918
360691682,316336655,3093293571,3770382171
1308318810,325809322,3093321487,4727499366
661421549,315012419,3093289987,4069781105
507234648,321211814,3093285765,3921787060
818008668,315707623,3093371474,4227152171
765712157,312278128,3093323575,4171385675
654938463,319684466,3093352826,4068032560
767401673,334592791,3093353138,4195402515
1317701977,324605165,3093355250,4735735939
1182627043,319166814,3093330925,4595174940
471326990,309426924,3093376712,3874198254
558153140,334148359,3093294587,3985652189
530519261,321984559,3093311933,3945877928
953353528,315850298,3093383577,4362660573
1027224849,319783053,3093306684,4440372465
667545263,309568136,3093285131,4070478264
565084756,323804709,3093356707,3982322141
178925318,323276215,3093361302,3595622196
1011049802,322826806,3093339792,4427274651
1379320765,320485059,3093387224,4793253380
1532713327,331695167,3093347599,4957809647
731036365,306662223,3093315403,4131096418
827047591,324193737,3093424538,4244730080
1286518127,325771966,3093245022,4705589000
747839262,299775696,3093354702,4141043395
1528176217,320155869,3093354141,4941764636
888829697,320335738,3093361591,4302601056
895948522,325523152,3093296054,4314834107
689789172,323172479,3093359390,4106403127
849187340,312863532,3093365986,4255490156
406217762,320731156,3093290151,3820296478
504539259,322894981,3093286032,3920783080
1030306897,330047688,3093402301,4453831597
675382809,323047745,3093263423,4091751373
1143953141,313133656,3093321663,4550480304
898401592,325940551,3093344596,4317757462
1006709135,326657294,3093257971,4426681921
1177950493,326988497,3093332086,4598330898
243326745,324509771,3093247516,3661137024
548869167,321427196,3093294667,3963645547
436442821,317808229,3093305928,3847603843
1076448689,328465261,3093309108,4498296196
527140306,324817283,3093281597,3945296949
515545335,328193115,3093375422,3937164169
381544428,321683421,3093409973,3796723343
865249959,305087995,3093362859,4263776673
358056169,334361157,3093351082,3785836953
489852052,311891939,3093273280,3895076361
557518026,321337536,3093239660,3972150387
644255365,317122300,3093325848,4054779657
834895565,316088724,3093400420,4244458021
640377742,319479476,3093363301,4053285588
907894761,318829785,3093250102,4320056815
1251596339,313176031,3093356245,4658188950
1206671128,314011902,3093334707,4614111758
611349278,311937286,3093256249,4016591711
1049385944,332501184,3093337743,4475279033
1085403069,323886223,3093307317,4502668160
949676940,320183203,3093244999,4363169611
235061931,326886444,3093305174,3655351642
1483548002,338679058,3093390698,4915697514
640872727,339437175,3093286597,4073651844
595668761,329253718,3093364260,4018356779
1119996830,319430106,3093230912,4532712561
856172354,328061528,3093349020,4277681079
531251551,326958211,3093355306,3951652543
990231554,332710347,3093298456,4416302401
1027413477,327845511,3093403159,4448749402
963122060,338550788,3093346237,4395073639
284045350,312169906,3093333827,3689602643
823349398,326400026,3093356928,4243168989
377158235,327799251,3093349157,3798390847
417630033,332853352,3093273309,3843810893
1105426227,325570224,3093349485,4524430518
588279884,334312503,3093285358,4015936003
569986599,337954989,3093273404,4001272262
749523456,338567440,3093253121,4181429351
509212069,338654139,3093388364,3941314807
972316834,319329712,3093397442,4385113339
370993151,337626761,3093235802,3801909850
1303521835,331929265,3093381381,4728894890
1677064333,322177798,3093352117,5092654425
1019437807,339713996,3093412090,4452623536
1715481709,317789326,3093303728,5126641241
559191578,328525451,3093343629,3981110661
988808016,336300421,3093400272,4418583767
1215500845,312063256,3093278693,4620896036
1187060911,323311566,3093357054,4603787845
783918879,324474673,3093379912,4201831250
660710812,331413688,3093354430,4085531509
221280955,323700741,3093291228,3638340868
1161731186,334863992,3093328187,4589998966
499135581,310752278,3093369644,3903316072
875852871,322487730,3093284731,4291687244
878513700,330699606,3093278531,4302552496
277919922,325457170,3093348460,3696787410
680823501,320662492,3093277516,4094824293
860436775,326845428,3093360763,4280706982
626052168,328603054,3093348261,4048061051
1078491288,323234190,3093376219,4495151275
1684612171,320228918,3093344154,5098269176
660283757,326500348,3093261797,4080100000
553700401,335701194,3093355252,3982848156
1267975785,322936142,3093351027,4684322790
1171395147,339112059,3093357165,4603929870
782246630,320192841,3093304345,4195816947
966653377,331992167,3093263784,4391975857
667937977,322977703,3093341869,4084326236
1378992027,328721391,3093366151,4801136897
522971224,329434201,3093343109,3945809580
770537598,344551226,3093348173,4208525859
563432295,323690801,3093346418,3980521048
1372196243,327407399,3093380890,4793061659
934696700,317407309,3093292499,4345470060
720469388,332811018,3093297717,4146635671
1471126318,344318215,3093325472,4908822517
1414556685,333383434,3093320375,4841333309
397739200,336525991,3093299201,3827623616
618655707,318505269,3093351031,4030567603
997715687,339410630,3093376471,4430582048
720844943,315787012,3093319856,4130018262
996933120,341840420,3093434478,4432273763
1479225798,333457962,3093379747,4906135919
826600147,324288195,3093358143,4244320956
590698800,311383373,3093364109,3995503148
686396667,333615904,3093300960,4113371727
776860362,330842959,3093280491,4201041055
903362024,324104304,3093338513,4320894969
1372808836,340026424,3093310500,4806221920
1264253167,325992054,3093345517,4683654537
615549137,330555363,3093279127,4039456605
831928429,325945606,3093285556,4251217591
515851979,342426633,3093348962,3951684683
897225739,330680907,3093261714,4321220841
1205638529,340220267,3093244053,4639158673
262507141,333955892,3093276039,3689802938
1039359738,337389735,3093368761,4470178915
1773722119,327108746,3093380108,5194295286
765730477,341213472,3093242077,4200242604
611489091,334754000,3093352493,4039652780
572050020,330912010,3093369651,3996404098
517960973,331294947,3093322320,3942672883
447885236,321066623,3093291297,3862315127
588317504,309047599,3093279446,3990699881
899602409,336854670,3093346047,4329887452
251337322,332660319,3093384406,3677451787
648065023,318761475,3093288965,4060189453
555244176,326684410,3093409858,3975417697
626747088,324823588,3093325783,4044948279
1422486660,333758028,3093290809,4849585502
186281728,324836900,3093255917,3604426771
925428406,337777705,3093262879,4356519280
384275473,307455335,3093299660,3785086997
951117541,331687388,3093266267,4376125330
544568127,330804427,3093258609,3968708567
665470211,322911381,3093276682,4081723073
1614491859,348261141,3093328489,5056168276
1065240910,329902070,3093267413,4488473577
510003453,328312227,3093371963,3931751245
674319416,333996269,3093297303,4101671683
386948088,326748567,3093289010,3807078294
1282522397,336727235,3093373640,4712687084
1172023386,333127736,3093350307,4598592810
959488006,339642660,3093360234,4392555891
1339753181,319908328,3093366306,4753089329
449560078,328184544,3093358115,3871157054
340516968,317895880,3093368852,3751853926
1276421369,311264095,3093338739,4681081089
833975154,326489589,3093370530,4253925362
598518357,340217828,3093305913,4032107084
787770205,330010461,3093305085,4211167789
939605281,317054418,3093340228,4350054571
807919899,329542698,3093360737,4230894664
1170156753,337621600,3093353680,4601189611
1065916800,318193650,3093286386,4477471639
1035770350,320579090,3093288357,4449700785
525830599,324980102,3093319011,3944205337
805942296,312994207,3093316910,4212324185
921812349,333238967,3093348422,4348446205
1919892456,334530379,3093334535,5347833405
593125425,331255566,3093278046,4017718575
1196781973,342217527,3093327777,4632402957
726226582,337708813,3093368339,4157376327
396663686,319422593,3093318995,3809468862
1288498756,322306629,3093280917,4704146136
609533679,317578847,3093267639,4020435532
558990512,340081672,3093385707,3992521837
1414543854,339154938,3093269686,4847066642
855343823,327369739,3093377575,4276146779
964445100,312252060,3093349388,4370094484
687794737,322318828,3093356466,4103526568
419600035,334280938,3093293314,3847231213
967178212,326651638,3093294527,4387185254
1184726676,312646411,3093385249,4590823897
276009251,329268889,3093322431,3698666954
988986931,319508573,3093270778,4401813032
696929359,325746694,3093347277,4116079202
1230565666,330227252,3093287815,4654149815
860655101,320729242,3093255797,4274690557
1172958780,325561335,3093303160,4591886711
724159604,325262951,3093372067,4142853492
1351783162,347649205,3093266824,4792757835
405306927,331253902,3093369539,3829988713
695259716,322249519,3093396201,4110980966
379406272,341279121,3093352072,3814103211
895351758,333091481,3093390609,4321895635
741398897,319871127,3093321474,4154668336
307173224,330847059,3093296373,3731379156
629692397,332908030,3093285100,4055949525
345106365,332887344,3093357120,3771424853
939971229,334372641,3093288459,4367706653
880780690,335692622,3093337292,4309860219
658807817,329094682,3093271722,4081247247
839934718,337647308,3093283140,4270960396
482319762,324079611,3093326821,3899773991
1186006012,318991939,3093260338,4598325263
569156049,333994313,3093287425,3996507321
997338173,315831071,3093372638,4406616165
902492708,321737976,3093337188,4317622760
791730531,330987302,3093325932,4216097867
1071576225,333549483,3093343915,4498522554
858617677,336417200,3093371411,4288483587
483951132,332153917,3093254937,3909441142
1034821254,343377015,3093352595,4471612492
438979583,313651721,3093343845,3846026454
1054942214,334590970,3093312982,4482908636
1172938020,327283618,3093273064,4593573004
440147438,346190768,3093308302,3879718462
730386980,319636142,3093354055,4143434549
569311821,324372556,3093325190,3987085291
1092312351,341025021,3093284853,4526710482
1232345605,340592297,3093332544,4666353919
982841933,336180709,3093362235,4412443786
1559349683,314660113,3093296404,4967361615
713626417,323267660,3093293300,4130242516
370293994,332782361,3093247510,3796378606
1465840541,313709258,3093271388,4872894333
631747357,334109477,3093326678,4059242228
1251522903,323176130,3093375525,4668134163
436062159,327136544,3093279725,3856540051
544802494,335738046,3093248569,3973874428
1264209381,331127227,3093286006,4688720147
1053126234,342712525,3093362785,4489257591
511314797,329004229,3093253695,3933633338
610094067,323278536,3093274267,4026701972
304914798,341498854,3093228630,3739690318
650616219,332427732,3093350479,4076462490
1161932683,337245699,3093254346,4592482328
1412409831,348216886,3093416685,4854110844
890367004,321245838,3093371091,4305057985
485660556,315043746,3093404210,3894171778
344174529,311029951,3093389852,3748664119
731885369,336957149,3093242111,4162133942
694292220,333113505,3093264575,4120722654
1384149611,338446120,3093330556,4816003412
1125319704,329447397,3093318545,4548133394
976141185,330573901,3093301234,4400087097
515495621,329578904,3093322703,3938446715
728762808,306132325,3093236128,4128184702
429338537,310175574,3093414098,3832982180
495708150,342856312,3093267461,3931879971
643080485,340935637,3093243601,4077311373
347313012,333118702,3093261391,3773742723
846913018,327295375,3093370125,4267638164
642924523,327965410,3093356476,4064312336
973512940,338379785,3093238340,4405187499
581399420,313327399,3093373488,3988172575
506143293,313461607,3093354220,3913024214
2098343903,340895034,3093371163,5532675631
885642176,323914433,3093360962,4303014334
535269216,320053794,3093285766,3948663457
548928742,337279605,3093334307,3979592488
631676956,331876631,3093295681,4056938773
688505705,331996778,3093337359,4113891766
1701276166,327940352,3093285955,5122560611
459792038,322838621,3093365429,3876054706
635192046,331229644,3093287282,4059774725
1004151807,335382800,3093414033,4433025017
949841915,339734168,3093293818,4382931707
865596880,323578060,3093305286,4282544452
1039294468,327530156,3093240449,4460148095
983413186,339852852,3093333760,4416682437
1141635295,335760748,3093258732,4570722794
814592690,323246102,3093363646,4231257518
1499263123,331108343,3093265017,4923687089
531648488,339585537,3093304264,3964596603
1240733753,325765932,3093272363,4659860146
1047062796,324630326,3093278976,4465028983
1002323868,332539828,3093275993,4428194528
907472882,342507857,3093396108,4343447007
612312409,329706786,3093396039,4035487203
880718339,323678292,3093323783,4297810109
781220825,338983109,3093402456,4213685995
880773061,346312190,3093252177,4320382752
397078017,326339376,3093363465,3816855897
1771772746,346329317,3093270193,5211444899
761682958,323411213,3093413616,4178583775
1741631436,333820343,3093261199,5168763782
375643818,314578213,3093348653,3783623749
899936224,319364374,3093302778,4312661882
616080181,321656041,3093270142,4031092395
808361408,338232949,3093311977,4239970967
951765985,340794577,3093395526,4386011674
1790538651,323192346,3093300769,5207105416
505326457,329436955,3093244379,3928095553
715465079,331873455,3093251449,4140648317
688003584,321344691,3093359297,4102782048
514951677,319283391,3093356658,3927652639
1076853865,333565143,3093322609,4503798782
1301990094,326449330,3093336467,4721851924
1990706278,339832309,3093391520,5424004049
407575507,322941030,3093278283,3823844482
808588810,319131749,3093384214,4221178960
1069983123,331646318,3093366565,4495056606
579731372,324443327,3093324860,3997592476
1298970849,352941882,3093386351,4745391123
1101917072,322074338,3093247911,4517317682
264673312,347365989,3093251087,3705344819
1098485317,324919103,3093356007,4516819412
784893784,328952443,3093340702,4207239920
334408408,336531451,3093287930,3764300667
1050537672,335085796,3093323082,4479020864
835325583,352212980,3093295131,4280898190
1210269055,330687741,3093374345,4634429313
1101188000,328019062,3093287954,4522561721
908568939,333815481,3093335422,4335811962
1339394480,332132835,3093306804,4764907373
1839270207,324808865,3093232363,5257405034
601603794,323871453,3093294073,4018841161
1642343917,344987276,3093303912,5080705768
767651398,314329232,3093357169,4175426845
1322951152,321776022,3093380301,4738168805
320994033,325852947,3093272260,3740179991
674248777,333759649,3093287532,4101361311
520374673,327604560,3093252223,3941283718
548754141,316406565,3093304321,3958527888
652665034,323343139,3093272052,4069366163
431501789,336965102,3093284915,3861866974
829804391,325917823,3093236099,4249016843
486857618,329360711,3093286772,3909573022
1535808684,318972290,3093238947,4948069974
1364827688,326637514,3093246238,4784759993
399872472,333314888,3093280831,3826513303
759820536,333136703,3093359108,4186389599
1599500100,324446767,3093345972,5017351319
1808830150,320917286,3093348606,5223159620
960854421,324787740,3093342984,4379053731
519713467,325079058,3093339493,3938184861
564910072,345554744,3093274333,4003797722
1403009561,333690906,3093290770,4830082751
217880655,342196731,3093244037,3653373181
682982104,329614440,3093357124,4106027803
867939605,339764337,3093371352,4301127939
905682649,299832451,3093291120,4298896046
1274291340,352136685,3093335433,4719817008
1674962776,332759649,3093384986,5101183962
741169879,335023512,3093299289,4169555886
2023342739,338827206,3093378052,5455623109
520621578,343248158,3093324515,3957245790
525882815,350529918,3093350760,3969818770
1165418383,348838019,3093220464,4607530007
982855392,319997842,3093285388,4396197809
596180468,319557583,3093310169,4009122406
503542748,319646401,3093399463,3916666983
822945096,323805640,3093278721,4240096417
467630091,319527037,3093314464,3880525702
675983128,321277671,3093335865,4090678339
1852272561,326505947,3093379843,5272219135
1090209656,347591351,3093294134,4531148759
750166527,323164354,3093274143,4166656587
667343005,336321850,3093266118,4097003965
1121592679,349082509,3093381637,4564121313
734335230,324862046,3093360989,4152618988
1359498418,326646467,3093351485,4779565330
874223776,332218521,3093380068,4299875956
2454181137,343111127,3093365897,5890730350
715835904,319039689,3093348865,4128280147
345632962,322632251,3093326506,3761666745
374729526,329234651,3093310809,3797336606
792165334,325392152,3093370242,4210985619
505478243,342774869,3093275189,3941584328
608114504,330099494,3093349801,4031641226
859676445,320948177,3093340067,4274020554
517407298,316351334,3093230525,3927042876
777469033,325554994,3093390955,4196485848
551770116,319500732,3093375486,3964718946
627752686,329580367,3093387459,4050795320
683683677,330269246,3093345447,4107369228
945576136,334422746,3093348881,4373404298
1121358581,323920561,3093292742,4538619656
785511094,310150108,3093362287,4189085659
774161839,318005766,3093282730,4185514414
551929873,345015004,3093358688,3990360682
650433799,335981534,3093322552,4079810073
1121794730,325686441,3093325333,4540862764
308916248,313860527,3093256717,3716081159
1701098929,320356025,3093372627,5114902877
1004037851,321894656,3093325983,4419310221
1806728407,327543803,3093323975,5227663572
1141873789,317124034,3093352110,4552436618
1169284786,334711089,3093323747,4597394805
937576798,327306530,3093352908,4358295993
1461774379,333433589,3093268119,4888549557
1467833250,331515390,3093327339,4892751507
1064656770,342387368,3093247176,4500340277
819193462,322800933,3093247374,4235306907
664938079,336889126,3093328436,4095199944
1453221355,327052933,3093263969,4873588771
687256563,324476998,3093250219,4105040739
495035776,323500765,3093298084,3911893372
599050506,339702531,3093357959,4032180578
1594385025,325674589,3093330436,5013441100
1833380204,312871054,3093301069,5239612095
914364110,326221980,3093320079,4333954948
1012051065,329642110,3093353656,4435104807
592131186,335154630,3093335275,4020671377
564039768,317895606,3093248129,3975247328
1273914334,309163883,3093257807,4676388943
1109378097,321070031,3093273694,4523773907
515410743,322686905,3093299980,3931467313
798226659,325253399,3093270696,4216797334
478464418,327920253,3093264120,3899699157
1403756377,311746074,3093337907,4808895515
1879080653,330975874,3093395387,5303522911
735964701,330530659,3093307245,4159874576
1715027143,334081558,3093332751,5142516313
555240907,327920318,3093339326,3976577521
446247742,329271815,3093293405,3868886590
301455900,337721914,3093268102,3732521055
222080118,316197529,3093347567,3631678840
1181916878,333930099,3093294249,4609215515
580346233,328655000,3093282284,4002351155
1360641367,326719988,3093373443,4780795641
1046823259,338012458,3093286609,4478179045
1196067704,332888599,3093268894,4622287698
511159200,327102910,3093256122,3931609565
1439377351,328997146,3093264614,4861698039
693387013,327594598,3093362256,4114411071
891874175,333638135,3093373536,4318973458
650903134,325871782,3093267319,4070137384
984841397,338331441,3093400024,4416641376
476385353,317102634,3093243124,3886785222
494840838,324870573,3093401927,3913185166
1020947373,332995239,3093352421,4447353117
1128291379,332795516,3093293198,4554453805
855174043,321167311,3093270399,4269671027
255338730,331006057,3093281040,3679685051
1331795481,315175829,3093369331,4740410801
816831049,334535502,3093365325,4244805200
1087728525,327407470,3093342660,4508530484
1242697265,323893253,3093238295,4659880427
708255776,337653353,3093272853,4139274273
554326980,330817024,3093241279,3978434531
702944506,337841650,3093287650,4134130464
772602243,320819107,3093292348,4186782259
700775056,343096639,3093276683,4137209949
1020723360,317494378,3093341223,4431643213
1423469773,319537246,3093364519,4836445790
1311506281,324436855,3093322583,4729342199
1398581818,327683363,3093374649,4819713981
1477794910,309303539,3093266598,4880418050
421059091,341053699,3093257500,3855444497
1491769011,324101528,3093389474,4909336893
1084130002,317618055,3093382031,4495187457
544143782,339165530,3093343420,3976734653
800011166,332311432,3093298179,4225692560
1983473465,318140445,3093363837,5395052922
831450647,332488147,3093352460,4257342847
346756679,346952297,3093263461,3787053899
636312262,331260721,3093412202,4061054808
855572672,340918295,3093356413,4289915525
596278566,323090432,3093358846,4012803804
846678706,337244781,3093366119,4277357866
512776766,335604808,3093325964,3941761879
1064282252,340910175,3093271201,4498522034
850830495,330178659,3093336865,4274396870
670641097,332698922,3093352307,4096749224
1025701555,319798035,3093287255,4438843841
361937913,321273780,3093343015,3776637627
1629110557,345343762,3093339901,5067849365
733080215,321484711,3093339494,4147990846
602102818,327030570,3093300179,4022492830
493982138,326981373,3093319834,3914362629
1313415664,329830354,3093325986,4736622260
735574035,349669992,3093349740,4178654672
654328465,326931408,3093407068,4074743616
589187744,316085170,3093394382,3998738081
1007677762,341221177,3093374938,4442347661
555519666,342183125,3093352112,3991128273
639471181,336976985,3093357548,4069867943
1477925231,329452216,3093358899,4900801239
935839770,341428756,3093285558,4370608663
571316660,322054910,3093350664,3986804910
1008955357,327083800,3093290408,4429390391
1208943263,330692948,3093281097,4632972220
678216753,337844960,3093233507,4109347125
579993728,327447227,3093270945,4000765364
891174817,327965829,3093365628,4312574386
1133487774,334551683,3093262004,4561347447
811552868,345418060,3093327856,4250351620
777865906,308405467,3093276657,4179608256
910037619,327825389,3093300252,4331249351
1208250520,316218319,3093276551,4617807282
1712609623,329599822,3093387593,5135672795
591050697,343988726,3093301188,4028423571
1163300630,324717943,3093410200,4581482088
541179417,342928893,3093250723,3977412034
873055749,342121431,3093259261,4308534659
1801306481,347261600,3093285124,5241906019
597844649,325082657,3093242866,4016259033
986778968,329955020,3093260538,4410065718
669349761,341482367,3093223631,4104144608
2119945058,346955007,3093286731,5560242381
825633726,326908416,3093326041,4245951487
1611207657,334762163,3093303249,5039347042
788551640,327557595,3093379668,4209549203
870834657,331548085,3093340292,4295778421
853278374,328723866,3093316794,4275365317
1326783446,338507585,3093352585,4758710621
1045031768,327040138,3093355591,4465501592
971178635,316240399,3093328044,4380798990
881873820,330205317,3093261426,4305408846
1009953757,335005920,3093358412,4438392116
1938817803,335431274,3093239457,5367539757
780875265,325180607,3093265368,4199408442
1076627606,349101136,3093322052,4519122116
1124611439,330193204,3093296388,4548174641
964050221,316292731,3093306477,4373707361
721513127,323168685,3093302999,4138070981
753159229,339104915,3093358040,4185695712
467746609,322728483,3093361499,3883893600
1486191784,336948288,3093333467,4916549029
897687450,332669084,3093322483,4323754801
410776021,333002300,3093240330,3837100282
664844786,334661888,3093365163,4092944153
434222907,321109556,3093327878,3848733135
222735548,320998509,3093265408,3637045612
325365329,322578569,3093341213,3741335416
416182905,320326823,3093238877,3829831209
814482775,307264644,3093314540,4215138238
840471866,335925385,3093170669,4269640509
870032164,329359041,3093266359,4292729612
1260210929,320030353,3093319383,4673633487
781150628,342936758,3093290503,4217435052
1750764563,317485694,3093250153,5161560347
583934207,330261827,3093267663,4007519458
1437954058,331037021,3093339989,4862413505
682918176,344088224,3093270999,4120337596
1794526919,333982692,3093376082,5221946886
462187018,336926548,3093282813,3892472117
1069994588,320420564,3093450854,4483938294
801114934,319294434,3093358722,4213836524
1525567178,335546817,3093285484,4954468601
2118299037,316698456,3093335721,5528386619
696831286,320012026,3093368149,4110287768
534164093,328390605,3093330261,3955958336
361685804,335440940,3093323185,3790506338
994853175,321927268,3093374866,4410222867
349833140,328044191,3093328492,3771257904
1146244668,336251744,3093341350,4575898096
536056288,332417434,3093356388,3961896455
550496746,341289724,3093275079,3985123215
572810550,345456585,3093268918,4011600050
1967360854,318163282,3093355955,5378939556
1124563278,351507937,3093303703,4569426746
1076172478,322464904,3093262541,4491991426
1048419235,323849157,3093325702,4465682773
405638370,331841461,3093253057,3830822341
434858284,324709470,3093378601,3852999076
1140300909,318005352,3093280433,4551653802
1308586956,339857964,3093227060,4741725390
1498071173,349505021,3093332085,4940964247
1371369258,321087138,3093329544,4785839200
498450551,324900232,3093240717,3916640905
1066247797,334852932,3093294003,4494484966
1050348372,322154609,3093342409,4465896587
673952042,325648297,3093246577,4092929769
519167724,344551683,3093288431,3957080019
1469913560,318369937,3093268012,4881606976
920351589,328673670,3093362375,4342451428
1088724785,319138619,3093220592,4501146542
745426644,325396565,3093369239,4164276879
1149152486,320110189,3093370014,4562693012
795929791,318621026,3093302922,4207914811
1639653970,322514328,3093382041,5055624722
600466669,326284844,3093293453,4020108651
947900161,330583156,3093366172,4371921034
1738821844,334781308,3093332878,5166991736
1212297331,335235441,3093389112,4641007388
638614570,310138429,3093359630,4042170786
425617848,331154977,3093358588,3850214918
1021694966,336673928,3093271311,4451700750
542515937,338570776,3093379439,3974524198
1112387539,335718272,3093364907,4541534682
693504837,324100295,3093276234,4110975434
555052923,340716884,3093373842,3989204727
1426278261,319055683,3093297813,4838692994
869463748,331825753,3093307369,4294670949
509156972,320598909,3093250568,3923067188
515289674,330553839,3093350212,3939280315
743423265,329509213,3093370130,4166377229
705900514,327736844,3093215207,4126914222
480937503,318782376,3093356539,3893131125
615898266,332406690,3093323423,4041713250
302494728,328946659,3093296356,3724797701
817259588,337838492,3093288596,4248478686
1643416571,322325838,3093360681,5059159938
1169467640,326727051,3093276124,4589547651
556967189,312495964,3093324668,3962851944
1214049989,337425800,3093337116,4644860689
1089072136,328271953,3093297014,4510695834
796286771,344677425,3093354814,4234431298
419103878,325580401,3093285162,3838056787
534301964,324311615,3093364223,3952048351
1027447091,334862053,3093261231,4455624041
372135322,329229069,3093323819,3794765521
1024594518,340297088,3093287774,4458259527
1732717899,325306977,3093358536,5151451681
371098087,339407558,3093306439,3803873228
1133011822,324958846,3093268548,4551295118
715550690,328162723,3093349479,4137121306
1416140691,330725607,3093281425,4840236801
1013918013,322714043,3093300502,4429994371
443729537,338113175,3093350935,3875281635
997536321,327978514,3093328902,4418926978
1238592365,334893609,3093260642,4666809408
395263382,341273128,3093347471,3829937360
867427597,343874924,3093320950,4304701774
759687233,328204882,3093378391,4181354259
1181185853,330735657,3093288679,4605273999
938990830,308254111,3093252596,4340557225
743333283,334721304,3093361941,4171478892
479100653,340313413,3093287157,3912768433
1272135251,316641078,3093357189,4682204340
1076700625,321444027,3093285992,4491484786
710286763,336561745,3093224284,4140150175
1005413725,329928791,3093392502,4428793386
471653079,341411843,3093397929,3906520566
690937368,326243617,3093338702,4110577477
1489368457,316264132,3093368673,4899076003
1060910387,332162041,3093381676,4486527645
1468834701,323690184,3093362588,4885944720
517234400,342471555,3093346122,3953105006
575735200,316404186,3093305464,3985533717
838948281,326838897,3093359869,4259218860
961727253,333759651,3093346705,4388888526
639632155,327653748,3093272650,4060638788
655301824,326546438,3093261026,4075185300
721111550,321367719,3093384075,4135944405
1727334756,311026007,3093285617,5131716285
1546630145,320000600,3093325614,4960032092
779805208,331605769,3093337767,4204802521
473214273,327091189,3093396669,3893775656
811068558,335094819,3093178388,4239405940
1567576411,315715160,3093305464,4976668497
647391579,322575760,3093408597,4063429718
322344168,333190380,3093293460,3748900246
641249329,330665295,3093354356,4065328361
969914451,313295923,3093288266,4376556247
1409968946,322468913,3093340084,4825861729
1157034063,326833073,3093281087,4577202204
549413579,331270509,3093303270,3974064592
421724038,317998198,3093283964,3833068418
524222813,319397364,3093293808,3936984538
413102993,312697609,3093310632,3819172503
503684601,335282068,3093279291,3932303386
953355381,329563959,3093345006,4376328466
468547330,329335506,3093293777,3891245974
619144142,322744450,3093341628,4035290653
1379122716,327807013,3093251229,4800231900
1381433838,336247201,3093314793,4811049285
687622036,349041758,3093402108,4130143120
652037863,331658057,3093256666,4077041591
830265870,332723086,3093384431,4256446799
1002031593,320242264,3093361751,4415688453
2442107064,338972464,3093338894,5874477391
799037779,326812531,3093346050,4219251604
1301341202,342882344,3093328660,4737640675
520874713,341357450,3093268162,3955544355
1671633067,334416940,3093345382,5099462273
1086870464,324961909,3093382020,4505289203
660538211,337711051,3093332996,4091659661
872877185,342317645,3093319042,4308581920
306690254,315609131,3093245496,3715604045
861755567,330159999,3093366273,4285335785
845215351,323058588,3093270442,4261596746
773697008,321046127,3093332033,4188129202
1622653009,336336684,3093385034,5052447952
1036874191,326295330,3093259661,4456485369
1539663325,347223465,3093309019,4980257181
1377401975,327600206,3093340955,4798420233
1022899457,323879644,3093317392,4440170510
743222775,328940008,3093247213,4165469139
841716126,336700704,3093391945,4271873952
905047459,322732066,3093239512,4321069788
1064130652,328946579,3093366016,4486497351
641532073,341352163,3093279727,4076222943
983893864,328110374,3093376253,4405442719
853201444,333933432,3093268421,4280456664
1144580767,321322048,3093329592,4559326543
879139533,330228852,3093263912,4302693412
1611109772,317950405,3093361137,5022480920
1233471461,317789091,3093253483,4644568077
1307273658,321418170,3093273043,4722028600
927769427,342221702,3093325793,4363389190
1980513325,325035291,3093328459,5398950996
925367932,323787454,3093333053,4342541969
723650308,332613865,3093267348,4149679809
849325269,330739422,3093385512,4273503908
1150403614,328414815,3093286581,4572167377
413993840,316962552,3093342496,3824382501
1284537995,337937483,3093352386,4715915238
569470214,329377559,3093279440,3992212960
657360446,320676534,3093394389,4071508018
1244359487,335758709,3093325157,4673493257
758126993,321581349,3093279406,4173042608
389560694,344454350,3093281270,3827361115
687351017,321755403,3093348726,4102527004
796390937,340573247,3093337628,4230370839
750318861,333996628,3093273254,4177652535
1373387272,317635100,3093358639,4784445712
860100760,338776123,3093361503,4292307237
534136138,324647092,3093238393,3952080167
894809295,342226439,3093237745,4330328771
595378574,333898310,3093304455,4022631672
647412904,332080825,3093362798,4072917020
336523786,338226415,3093253860,3768053014
587332534,345616273,3093384592,4026406666
861089962,317588848,3093356152,4272105636
456081152,342053628,3093367233,3891578125
608313756,346676510,3093337858,4048387192
1105391667,326000347,3093272697,4524737432
520233320,335637799,3093362591,3949290229
796849389,334782374,3093235076,4224920801
317106860,327905104,3093276688,3738355796
1790518121,330102528,3093344254,5214022036
449968262,332461105,3093331017,3875851863
542954405,344326083,3093376123,3980727625
1057023843,329724071,3093323893,4480149932
486490771,318433953,3093266445,3898263130
843311591,306630608,3093246701,4243238591
1052236353,326508726,3093284649,4472106390
540946511,330296545,3093275473,3964591870
1569300471,347328328,3093277177,5009986904
483689228,322789350,3093356569,3899906943
1662858153,313131816,3093399026,5069453956
1565665561,337641854,3093317475,4996698809
666411865,325722645,3093395185,4085603481
1236100734,342159809,3093282942,4671601661
1374420495,322842938,3093339483,4790660299
733402269,320848104,3093382192,4147692034
315530171,327523392,3093235915,3736372047
299647054,328585829,3093391909,3721682263
754563918,317964334,3093320307,4165926768
574202398,323461184,3093326082,3991040650
975641886,317503623,3093367471,4386585777
955105233,324717797,3093393273,4373293287
586186943,328389864,3093270676,4007906565
1164045040,317697282,3093355596,4575156428
584596526,343574861,3093339754,4021559544
580498334,323471385,3093251867,3997300089
1412615852,319847168,3093267279,4825807279
1065339411,317571519,3093382385,4476349711
640280930,321930009,3093320003,4055594203
1135350896,316474392,3093319955,4545195596
961487179,329696742,3093297366,4384547651
448529535,318945034,3093278233,3860809843
838055150,320176449,3093344898,4251636801
1423131115,327887845,3093361091,4844444748
316388544,339083589,3093391368,3748936230
505396062,329156050,3093332757,3927949364
399511780,315004524,3093436691,3808017866
378506599,315968438,3093289213,3787836487
966344038,315865558,3093372479,4375654450
419405572,319138769,3093317936,3831935675
974790879,321697964,3093340981,4389884082
942474941,326575234,3093341427,4362482860
496862172,318425594,3093266923,3908611712
904723289,313136519,3093267104,4311178883
897208178,334345083,3093291346,4324950461
649685080,321680080,3093232797,4064674850
2040185370,332598490,3093322359,5466184454
1153091872,324819450,3093261299,4571255622
820218040,322419019,3093253966,4235949120
861150023,328135583,3093294414,4282641031
1146372536,341877569,3093272106,4581575825
1065373425,326401166,3093325839,4485150742
1023049277,330361840,3093310875,4446790457
521860844,330932991,3093300001,3946162887
632936304,329537411,3093381111,4055928686
990652079,329101045,3093361105,4413172548
980201255,326389335,3093285972,4399952163
1020749713,342303147,3093366482,4456482428
1303729235,324235844,3093266258,4721281882
431274862,334832199,3093356802,3859550778
843986835,321526651,3093359986,4258932038
332202076,332033295,3093272301,3757563251
1476974232,336529446,3093289111,4906888082
1093077703,328184998,3093266861,4514580237
623293013,340178944,3093345464,4056868489
757203251,330604227,3093248865,4181112810
797344941,321412216,3093307813,4212138692
577831720,338273851,3093326647,4009507643
1086691474,331859230,3093370981,4511993759
770325665,345474750,3093292723,4209166577
750276029,327554479,3093383528,4171278098
686862762,325994920,3093290729,4106207596
703534543,329160570,3093281986,4126033126
777539637,318400697,3093366124,4189378302
951456130,315233737,3093291397,4360055529
1128161533,330227313,3093337797,4551792775
976380054,314400929,3093377244,4384216681
1316483248,331481690,3093278260,4741302729
691104001,334831446,3093296392,4119299971
654263298,319372871,3093272615,4066962399
570228552,328761406,3093351294,3992404292
1166320411,329058404,3093290460,4588726485
647738035,337416343,3093235874,4078442470
1103759433,333254054,3093304413,4530391508
560232079,323265816,3093307613,3976879013
971036350,311591764,3093258470,4375989853
1174497789,336309180,3093292306,4604164003
655115863,312068597,3093268716,4060512918
1493327178,325101487,3093329688,4911808351
1356016177,334270489,3093297209,4783650827
647197981,336906629,3093272938,4077450546
558406961,331801987,3093275632,3983536091
318635360,317290443,3093255543,3729244989
575612929,328483943,3093244066,3997391720
2259567194,317446747,3093358550,5670434609
1603030075,320384476,3093401190,5016874019
875744871,339470826,3093237863,4308507665
861176838,321367694,3093323767,4275918381
997620162,310993774,3093353476,4402039608
502552911,306734247,3093264480,3902606912
1098915721,325597221,3093330986,4517894292
855977642,323338305,3093302615,4272683996
1018540384,322320538,3093367674,4434282060
1578687896,335518497,3093296594,5007559783
1166861791,325388069,3093370502,4585677115
1076056821,328355151,3093342783,4497807105
618804716,323566462,3093321788,4035743976
408234389,311374977,3093385806,3813056637
353527131,339493377,3093274920,3786350643
1711945774,324259711,3093325090,5129581532
568734935,320424236,3093411115,3982654971
823638633,323325996,3093305633,4240340022
1504499240,322943494,3093270490,4920761340
623520002,332145098,3093350500,4049103984
784165707,332541103,3093343827,4210102221
836613594,319277674,3093392560,4249354736
571286498,336244443,3093353408,4000952335
1046060933,320367730,3093310979,4459799920
575293921,331689355,3093346492,4000386241
953614314,330283223,3093369687,4377318627
1497070228,332775913,3093341569,4923248732
816808405,338633622,3093294452,4248801138
1308527874,347945771,3093375179,4749917550
1076104309,313741196,3093355594,4483273313
792523074,326522980,3093277884,4212380409
1367683868,336841288,3093362666,4797960117
450222476,332059381,3093217829,3875550491
336952053,312669646,3093358605,3743051135
490179316,334028023,3093286706,3917570736
1552020959,342378229,3093294755,4987764964
1198260019,340611332,3093274302,4632218307
1300444491,318899225,3093262960,4712660479
1105919439,316242324,3093296505,4515533301
417884485,313150559,3093258903,3824351284
1088467018,335244017,3093325367,4517131754
1256589340,335528663,3093287487,4685501448
455492286,328290957,3093285424,3877132252
1748459882,346609347,3093325888,5188455244
1372491248,328527063,3093375666,4794455195
1680823751,335828704,3093413323,5110141580
710317718,346901093,3093344637,4150615031
281214261,318115656,3093276121,3692663005
1202413810,327332098,3093370798,4623179775
1038901550,331766161,3093261914,4463980143
741355738,330245982,3093331770,4164984230
914537975,322021669,3093343139,4329965648
939420982,325746639,3093236254,4358479007
799976789,325935647,3093312680,4219298486
753077737,339079782,3093313973,4185518654
811452211,328658753,3093323368,4233501374
509406787,334681025,3093281542,3937431272
1241800923,317302809,3093340503,4652504039
847085757,337894942,3093352438,4278419909
784718300,312126087,3093314075,4190231088
1103209772,339061074,3093298734,4535630460
1379141454,326119532,3093328760,4798644266
1527957705,312506083,3093366603,4933886134
383536940,325907057,3093366048,3802878121
1291694900,329072417,3093350084,4714194173
568537278,312471854,3093386069,3974459446
944766888,312314732,3093379502,4350525926
588602931,318171651,3093392564,4000234940
868619510,335614864,3093378865,4297677326
786807349,330750915,3093383209,4211001856
469116893,328886185,3093296918,3891374317
479558010,335852602,3093350198,3908812461
406641136,332198704,3093367271,3832288245
714158242,336596201,3093315377,4144142317
1045379872,326624194,3093283075,4465352034
880246715,333644156,3093342752,4307280933
1064547526,333781216,3093393087,4491796415
1044878481,329423212,3093241742,4467621313
400541907,326527305,3093370729,3820498342
583614611,338842006,3093382905,4015902867
375378968,335724549,3093294352,3804453267
456526250,331219647,3093341364,3881139433
1630807600,319351201,3093325131,5043537360
1273392277,337209055,3093292807,4703974169
773590902,341224678,3093276248,4208143639
343668976,324377710,3093367075,3761477876
936143318,327467998,3093233416,4356901458
1469390397,335795529,3093351869,4898595376
1148119244,321379268,3093322300,4562902369
913345608,314283580,3093313872,4321005084
1188258375,326646821,3093294657,4608289431
753173155,339601490,3093349160,4186190424
660498541,322339051,3093373013,4076277902
1113430899,339364846,3093293368,4546158284
617942613,326272458,3093331335,4037632155
773370220,334462899,3093289864,4201195547
1394002313,331189251,3093268959,4818553038
593289494,334212370,3093334307,4020884374
515434006,328430682,3093292291,3937210204
1136923922,348248164,3093383949,4578630722
410696353,329531638,3093317676,3833605281
2149015084,335273749,3093276906,5577653703
1280764212,314087670,3093373272,4688282224
1103561457,327336091,3093236046,4524194047
563993266,322225146,3093318632,3979609555
895665306,317140728,3093259321,4306119590
751801977,321683163,3093364684,4166923194
845826910,326746967,3093315003,4265965435
368289968,343262983,3093358605,3804989421
574741164,322036611,3093380331,3990243003
853552891,319585532,3093373945,4266591277
684445118,328667915,3093330859,4106505437
1340944129,320031814,3093287303,4754324500
1028576428,333156750,3093361636,4455166829
775125667,331472514,3093351985,4200016824
598035425,335632257,3093314054,4027054928
609295218,334813671,3093389443,4037571502
915960979,318152227,3093262770,4327430068
1600852461,338881877,3093268604,5033095567
343281390,323504186,3093270806,3760106894
1339536643,330364516,3093295865,4763282597
593540525,316402037,3093237604,4003232451
849639492,336111830,3093262718,4279067633
1663527976,321259663,3093335843,5078180439
525108931,336917205,3093324023,3955409133
694747086,339621251,3093311554,4127754115
1160610009,339846697,3093327848,4593835085
1270757728,344263000,3093259314,4708366404
1312614355,337174654,3093347562,4743210738
767010601,315227549,3093321850,4175607644
1018857656,331530795,3093360334,4443822672
2058632962,326131304,3093265933,5478105766
700928431,325885254,3093260834,4120146746
748902968,304691370,3093395832,4147069208
