291812424,313836879,3093294642,3699120556
311236955,301094499,3093246368,3705725358
525599296,315804535,3093319610,3934830038
246290429,324032358,3093386802,3663846514
507523413,327714085,3093286797,3928636307
69640615,318242039,3093374866,3481382105
540451458,317946423,3093355371,3951880782
276296039,322659024,3093374311,3692445271
488680590,309236516,3093340599,3891366064
103351558,332302495,3093365797,3529137750
908827982,311813672,3093293582,4314031610
114901438,313781206,3093377260,3522172005
956543757,311164381,3093380116,4361178208
802340092,315853758,3093350842,4211688141
552600682,326171592,3093276750,3972156890
612831832,320652222,3093346263,4026964263
320418628,326308281,3093286805,3740115218
1223127651,310637823,3093376988,4627235112
676916234,313891995,3093304576,4084267436
684372812,312775802,3093359002,4090659405
545658118,312479378,3093370174,3951592103
363652878,313825317,3093274372,3770890330
272436904,320955049,3093383178,3686890715
182178644,314366986,3093393366,3590037670
470155045,321991159,3093373855,3885614462
1099147129,318057270,3093330759,4510662037
145615804,321453214,3093368185,3560573975
341395057,315860946,3093321391,3750681778
367220327,320288949,3093261081,3780890052
1753787438,322386956,3093325352,5169629278
878061439,323322101,3093358140,4294849981
224686295,323743654,3093362752,3641916611
400521550,319160986,3093328827,3813151218
513642031,332024040,3093314457,3939095793
538066163,307369695,3093255305,3938820861
209210678,332448764,3093318670,3635106882
427189593,324338699,3093291982,3844913749
897285745,307141080,3093349440,4297935063
743646249,325663635,3093287833,4162714396
335617222,306978624,3093271756,3735967659
655342969,320416345,3093338902,4069231943
456194650,323836287,3093284837,3873435950
278763911,316786103,3093368347,3689081957
310461335,335285715,3093307835,3739189589
783078693,318616922,3093374478,4195200743
977794057,319699049,3093365945,4390944329
194042309,316853128,3093365929,3604384949
186036494,313506989,3093293009,3592984551
783099608,317638793,3093303825,4194160917
371179423,311939624,3093276615,3776542150
552252569,330895836,3093281232,3976565827
810828271,335127405,3093366992,4239435170
876714534,327782871,3093351079,4298004982
400417259,308672488,3093358417,3802568772
602617160,340306730,3093290508,4036348421
886215004,328710451,3093387955,4308423975
804833670,312069381,3093326444,4210368557
280279260,323131420,3093277485,3696844915
158131844,316377915,3093394576,3568051430
235399988,336412533,3093365558,3665337962
258526053,325658371,3093372456,3677660775
82957295,327347973,3093262033,3503694128
342576057,314061868,3093384409,3750163575
495906845,320356531,3093370636,3909736771
170353070,319232593,3093312307,3583058585
274538652,328598071,3093399449,3696661946
138141063,307956784,3093386397,3539590371
192518990,330277875,3093302998,3616274703
552249748,307347711,3093376383,3953094783
1054876983,335896842,3093362654,4484290089
316847690,315696304,3093273578,3725922209
411835014,319916394,3093295792,3825216721
380347022,326034602,3093344170,3799864766
427688159,324368700,3093375914,3845554464
192924594,320154919,3093374791,3606572426
165555793,317222435,3093401195,3576320353
389517904,321656273,3093294326,3804564793
572414893,322698293,3093270677,3988520543
340164388,307794474,3093282914,3741389015
293218546,326554564,3093317476,3713224123
383200941,315946789,3093285611,3792558507
437522568,328435325,3093373948,3859438093
619143587,308354438,3093296144,4020945520
503844779,319620030,3093378908,3916953168
1095039102,314815142,3093275659,4503232291
123518921,325284549,3093356803,3542272660
408114607,312635345,3093364579,3814217677
611741538,317618102,3093285492,4022790402
307262569,328681396,3093373570,3729459519
287894203,322304228,3093393067,3703701099
114192623,320333980,3093290091,3527914834
649137899,320801273,3093296781,4063331045
1148485234,307660239,3093288808,4549570764
1476915764,309161781,3093297336,4879513336
598189671,326671490,3093381861,4018392143
1199245168,314467235,3093340007,4607149403
407908712,316063038,3093379365,3817544545
204631837,314959311,3093263129,3612994107
517343703,319185810,3093363684,3930012934
928030236,301418688,3093376804,4322964787
1024226415,314056614,3093292643,4431683819
343472157,320429704,3093381590,3757397966
773506172,324357109,3093326599,4191320001
289804933,326986534,3093279553,3710196698
295197045,331993175,3093286330,3720605685
705921298,311744890,3093383539,4111226727
389280051,321574578,3093344349,3804337732
494925213,316692327,3093248922,3904995414
107904211,310645923,3093259471,3511922840
384332468,319639636,3093253703,3797384618
350194283,319273609,3093295379,3762889702
290813535,321215414,3093353501,3705517265
321075487,309257847,3093241749,3723658303
447012598,312337266,3093300131,3852782221
444562010,325697821,3093365498,3863759510
174416023,329194237,3093363587,3597113816
895140624,331333379,3093294200,4319888378
97222558,315594583,3093372917,3506331074
318718154,318964618,3093349580,3731211064
159945468,319662318,3093289120,3573031187
440242670,316706076,3093357153,3850414761
732063164,310627795,3093406782,4136248315
277054058,316097987,3093321875,3686605615
515322445,331432907,3093366442,3940270965
644090813,304806670,3093283930,4042348657
703047395,317080734,3093316212,4113601024
695389799,324352115,3093303623,4113179799
862040350,311081705,3093275712,4266526576
256052736,338033242,3093332761,3687526343
525180124,325118880,3093268737,3943722712
194902014,326627625,3093312711,3614961614
719655435,324287789,3093297484,4137419340
493884150,315217221,3093338457,3902547492
403629121,312945181,3093279615,3809986397
450359960,331265070,3093290866,3875064256
615089176,320718053,3093318737,4029239987
706737673,307459147,3093336616,4107688690
227124631,312293721,3093264773,3632850430
377898890,326858923,3093301352,3798215845
621852884,322588527,3093376238,4037937543
193102138,312867748,3093395729,3599500375
306582994,314927279,3093365412,3714975871
926442936,316507444,3093315632,4336381938
204271772,319817051,3093242401,3617535569
297923671,314014122,3093323087,3705392941
539906185,327419027,3093303099,3960749892
470365053,315910925,3093276206,3879684441
108221596,324466436,3093284280,3526132283
669187304,321961471,3093353962,4084590580
796808228,324741128,3093377587,4215032304
173749816,328031804,3093295130,3595182523
328744784,316857310,3093301268,3739003713
83146102,318392510,3093296682,3494932801
1690012199,317270526,3093273251,5100665555
505005607,308537165,3093337914,3907006329
679141359,319773139,3093306766,4092347837
206783089,322202033,3093352394,3622459244
126175299,312702703,3093267185,3532308328
278744567,317245010,3093323103,3689469285
457867241,314013780,3093347367,3865359403
186691541,325367796,3093292653,3605486496
268948436,324322785,3093394259,3686782725
590537621,328615948,3093410872,4012689514
462465564,303180854,3093386775,3859125775
461326703,311795789,3093359149,3866600908
513161717,298870209,3093291323,3905458816
91705037,304318028,3093296766,3489444172
484529604,331915404,3093323500,3909879061
346750180,317866583,3093343480,3758085832
662376118,330146568,3093311426,4085978267
437357596,325365174,3093286310,3856154177
236672958,305245319,3093305057,3635370961
395830182,323305686,3093385127,3812634121
398817363,312987892,3093294084,3805221253
968145059,312524775,3093346367,4374127769
883864147,311529337,3093276412,4288813806
546547997,321912727,3093380303,3961947963
299028039,320105115,3093380630,3712663247
664480863,316739360,3093356507,4074699706
1220253782,305676679,3093352923,4619401467
697547995,314794367,3093402167,4105880298
297586288,310576927,3093258421,3701543633
504105787,319522363,3093396273,3917176974
755889461,312418870,3093310636,4161760960
400320005,300978087,3093264924,3794707527
199486133,316921645,3093270070,3609801758
307787058,316809136,3093334883,3718053865
644271164,316688023,3093335835,4054428823
593568873,304091276,3093238949,3991056691
733484721,310515299,3093280674,4137405862
722689343,319289763,3093298052,4135439139
139094799,318663205,3093293555,3551224834
316816125,309273783,3093391196,3719582158
168543583,329481803,3093306146,3591425051
153272122,320182578,3093282581,3566877205
414119087,328244523,3093389877,3835878334
722719671,319086967,3093306157,4135239530
554843136,309536343,3093365190,3957909662
453078733,316927275,3093347861,3863525350
406145677,315307920,3093388210,3814979023
419011941,325798930,3093276379,3838211711
1173507256,306339091,3093252538,4573223695
122072465,316312939,3093368826,3531855799
330120323,305517297,3093378790,3729113797
293451091,322327937,3093379356,3709299427
734795580,323950786,3093327490,4152204449
295272575,316598131,3093277372,3705242543
441406124,313018037,3093290012,3847837962
350542840,304584875,3093316680,3748588889
307865371,311981048,3093294080,3713310121
341105045,321071595,3093301258,3755591348
527121458,304566359,3093366880,3925192424
460822595,317765958,3093297509,3872071919
271303575,315033763,3093279450,3679746769
239618437,321371507,3093352088,3654491358
763474314,327149084,3093244152,4184006020
138639482,302833545,3093280037,3534925064
409153214,333845152,3093297411,3836426793
563285741,327923346,3093355791,3984699445
1689342179,321398872,3093361848,5104239001
221316082,325211297,3093396707,3640049412
757222909,316758317,3093363633,4167507589
82560123,311204738,3093374274,3487278987
425120770,308940494,3093288579,3827477238
520692254,311828814,3093388473,3926048513
469045345,320863914,3093361077,3883363345
388696197,319439536,3093286627,3801511751
738369222,321116832,3093390060,4153011541
357510869,304001874,3093317992,3754977992
513706311,315222604,3093301811,3922342425
341996519,306950177,3093276188,3742358512
69390851,307885745,3093370909,3470786071
210863216,316896514,3093259971,3621164412
570498780,310947157,3093359739,3974909845
535816152,318283517,3093402146,3947626204
209334823,318044185,3093317419,3620832567
1102148828,317258720,3093273333,4512803944
343693697,315673008,3093266254,3752758020
433094452,318064654,3093348637,3844619962
547062191,324512217,3093267667,3964943834
474282213,315130217,3093280908,3882784017
275660897,308712822,3093317556,3677795491
888553944,320327400,3093333452,4302343067
135656489,315970307,3093281115,3545032087
561645676,323043938,3093382122,3978196830
973978884,316365864,3093294945,4383793039
167572498,327372159,3093418096,3588527760
252588458,327279724,3093371975,3673350797
912120867,316075790,3093340610,4321680023
233044708,306318802,3093283050,3632787094
455067910,309855957,3093349753,3858375351
391818910,315664378,3093362891,3800976846
571957647,319670495,3093374172,3985104577
319552464,324861224,3093361807,3737914576
706954952,316288181,3093361750,4116730374
942106971,322529749,3093299800,4358075797
1788625948,307537293,3093364767,5189642427
185774337,312377979,3093383494,3591661984
447489085,326210451,3093288975,3867124192
661027091,317658133,3093297014,4072113021
356750132,312128939,3093282889,3762291984
419712682,326733224,3093380575,3839931860
152560252,315868593,3093305944,3561828400
552825690,312468393,3093352068,3958784527
626646779,306270253,3093306828,4026376393
412389986,321486785,3093370866,3827341158
307351763,309432790,3093359142,3710267598
359033950,320277473,3093378443,3772828557
876884063,320058188,3093355401,4290453809
164968684,318620421,3093367534,3577128268
791787013,313780557,3093345974,4199041281
407614388,308986252,3093386243,3810143898
1099055263,317341062,3093366841,4509884200
531215390,315618665,3093323265,3940289672
560779877,318470491,3093281715,3972622720
355186809,309758634,3093253330,3758348657
725758260,304565624,3093467288,4123960876
529849448,328119302,3093289870,3951385071
492757152,315061750,3093412222,3901349762
215227406,313850890,3093350307,3622554786
729033035,317452367,3093285279,4139898179
263158418,315373270,3093317932,3671934397
213383557,312031226,3093413410,3618944185
784851655,310998219,3093350462,4189372402
117773867,327981866,3093294535,3539146923
1951190382,308143330,3093333801,5352784470
210338472,317791809,3093362720,3621586966
160399146,316758646,3093256338,3570556454
579294582,303924515,3093375330,3976679952
508483938,314399600,3093311465,3916284012
126866408,321563737,3093337900,3541922987
130880340,325445495,3093407726,3549874029
741818375,328600212,3093344373,4163885211
125652269,320096969,3093407712,3539293202
559575792,321992748,3093371873,3975102028
865257864,317513718,3093381469,4276280478
124013430,310240530,3093360852,3527748027
969429637,313004435,3093274299,4375830613
524540133,316739017,3093353215,3934754546
660105978,327321536,3093395271,4080959884
232589962,311539672,3093353625,3637605279
546164348,321045865,3093371235,3960709871
288082466,316225024,3093274785,3697714954
510186754,311701169,3093356498,3915354333
467714897,322973872,3093340666,3884176813
74291562,308190799,3093336327,3475938743
1411591707,315152117,3093280521,4820152846
418234847,308337959,3093280185,3819971204
255033397,324379109,3093357993,3672903436
158684249,322050825,3093324004,3574177326
975319513,312889009,3093286526,4381641394
419955736,297624938,3093307303,3811054805
207262349,313280301,3093271491,3613951821
281589423,312818507,3093336053,3687858859
677712414,317495218,3093288083,4088644419
248122030,323315691,3093334713,3664903545
707913458,311822720,3093384664,4113255274
140295866,315025928,3093371447,3548795628
1053619351,323638626,3093376820,4470754938
560529741,321844587,3093334559,3975883121
340212717,313461801,3093328460,3747166681
574334930,319209635,3093360645,3987072547
258462538,322774821,3093279669,3674662345
348873611,316218934,3093330323,3758576879
658990140,313357202,3093295266,4065745284
313235418,307702910,3093363117,3714421543
151746550,311077722,3093392729,3556345992
123758052,319616154,3093386389,3536861276
1740661067,330375821,3093357248,5164542116
133670457,318334803,3093383376,3545529947
375519819,328099612,3093283192,3797006990
141027570,301971792,3093351684,3536475598
691727349,318794562,3093326148,4103985468
780501794,320997379,3093357129,4194972118
329656759,310937474,3093372504,3734066512
193126025,318554784,3093291881,3605057201
883819238,322984684,3093358546,4300249258
358752098,307528742,3093271459,3759690478
718552162,324128617,3093342839,4136161129
264813439,323633389,3093278544,3681853060
374521237,318451915,3093337233,3786458034
390938930,313921310,3093314003,3798323546
517899843,325882743,3093321732,3937237522
469919865,319804801,3093266334,3883152473
726481171,313818674,3093405750,4133803115
331262948,328748468,3093379065,3753503367
728360345,314951795,3093340526,4136783058
478670435,307667157,3093363245,3879860190
582733760,311395628,3093301847,3987532504
547765040,305149616,3093336901,3946375123
900833354,319500215,3093260279,4313766770
691560803,330646499,3093397765,4115740134
699943320,323881412,3093348811,4117299830
632352749,312459189,3093283335,4038224837
886314149,320026013,3093313892,4299795287
254236480,320107792,3093301802,3667751563
520241122,326059572,3093385158,3939810088
607806777,307653445,3093341280,4008937043
1055317128,316992328,3093269268,4465677834
689440675,313152259,3093300257,4096007525
246359411,316050594,3093285116,3655838105
713614420,316082399,3093386321,4123203522
548197118,310041860,3093248383,3951613824
312569938,318329130,3093331850,3724396017
629794977,320336952,3093311694,4043598374
1214906237,311347546,3093287986,4619659291
1128560990,302566588,3093344789,4524594725
833776565,320378394,3093322758,4247583403
135055213,316632846,3093341526,3545166851
457228889,320398182,3093283773,3871078183
572515252,309338777,3093312526,3975308033
168450776,315553479,3093281993,3577441700
421730587,319326040,3093417854,3834613732
254437372,318024715,3093303375,3665897486
1270931941,309223526,3093334707,4673639036
129212491,305992496,3093299713,3528638461
539577699,304099204,3093431819,3937237665
364563617,319045123,3093284086,3777011582
616971534,306626439,3093301772,4017030970
648888121,309518411,3093312268,4051827891
449877332,316014881,3093303502,3859289689
138710185,324136640,3093307967,3556299867
281627491,309359764,3093332051,3684455996
362137970,316435927,3093348997,3772085790
567120090,326287383,3093408098,3986947768
715131691,312798959,3093360839,4121440211
328731368,314496960,3093327234,3736686263
830949482,310713369,3093302529,4235097068
670061900,315492828,3093367833,4079089399
459520225,290697160,3093283558,3843593476
416111356,324124052,3093299134,3833673273
616855918,310732495,3093343248,4021068266
637277733,307577999,3093260284,4038203947
504112707,316259730,3093285712,3913776660
386471065,326784640,3093441436,3806842176
187479738,308460879,3093274402,3589310542
532418941,313548670,3093249446,3939340686
401260466,327500038,3093316746,3822224856
246280971,311086645,3093307186,3650791770
1010432810,329079408,3093281159,4432965166
272829729,320949893,3093337074,3687232111
361660787,311987813,3093311555,3767112505
205592017,311003911,3093353909,3610087409
370815693,305856192,3093347562,3770161517
724573926,303816989,3093372788,4121901278
916074723,320410248,3093261941,4329867782
1804385387,314191107,3093369432,5212060363
1086976667,307482816,3093322249,4487922493
1582448197,306447631,3093303757,4982403095
111778652,302114847,3093292640,3507290417
359472588,310105298,3093291565,3763000248
978786491,313905876,3093273361,4386099635
627500219,323380128,3093308902,4044329650
634700517,329980732,3093294023,4058100329
440689507,327641520,3093330284,3861801261
679308731,322620195,3093322806,4095359074
222038407,302278191,3093332626,3617775112
190104445,309220449,3093285704,3592747776
331486207,312405690,3093303539,3737316073
171887150,310058618,3093281275,3575337439
194171731,314118567,3093294853,3601722669
94899105,315816620,3093286261,3504154829
253146541,314447682,3093341656,3661070767
623033767,317379509,3093367057,4033916223
406921252,311180336,3093244604,3811461270
166162394,310057470,3093383498,3569711428
865198909,303372590,3093379291,4262081934
597928589,309321431,3093354771,4000757545
170700602,314584724,3093292298,3578726869
644044051,312451094,3093359382,4050020389
335400611,306844007,3093340282,3735719208
933331842,311436160,3093375336,4338303856
637734008,312826666,3093398612,4044093203
587120394,310908459,3093362451,3991484429
286172976,312478798,3093357792,3692142329
123004063,305392640,3093291214,3521808320
604906386,324056513,3093327723,4022419401
471910682,310385354,3093280323,3875729950
203899435,315623115,3093271314,3612940639
252293197,308924655,3093443903,3654832799
441963752,318945985,3093397512,3854422093
695012694,320501739,3093347408,4109005711
642530538,315888295,3093398229,4051988204
1043975206,319654629,3093402951,4457153846
461645001,320530368,3093291601,3875598455
488482800,308040469,3093342599,3889984945
272220214,309114432,3093363926,3674817407
146152335,324611123,3093354124,3564276264
309837081,307877013,3093389958,3711208913
150494150,320095467,3093365627,3564162535
393359000,318102378,3093264456,3804858015
111586758,309822072,3093323344,3514874230
202676304,319344625,3093267981,3615457071
697523822,327811736,3093260970,4118782054
132550932,314381499,3093299557,3540344374
981849064,326617561,3093310124,4401883357
633407569,325335439,3093280490,4052160605
532386806,320033819,3093310749,3945866730
406570094,313175780,3093323110,3813168323
145405455,317761442,3093340044,3556621644
985758739,306860565,3093287464,4386012973
397892705,316648185,3093304547,3807952170
141215674,316664320,3093366127,3551388589
420588525,332416832,3093371725,3846471647
1248796126,301645051,3093340155,4643912771
652871952,317171361,3093376450,4063555344
210368294,329643973,3093286104,3633427044
503300693,318531035,3093384074,3915366991
368462187,320684484,3093355927,3782631842
226327208,300455144,3093369541,3620255151
199567653,305733600,3093306235,3598741943
369839992,317916322,3093300328,3781191031
1023772458,318547230,3093391404,4435854318
540314128,306073419,3093354874,3939867545
496687463,305852529,3093344227,3896013629
85179167,315902648,3093352433,3494580183
103356394,311383615,3093356575,3508283757
632365384,309574439,3093397162,4035460853
397129330,317680185,3093302472,3808220675
357298653,316803644,3093275900,3767512629
1393432871,316317288,3093271567,4803108032
631051021,324556928,3093376278,4049115213
331444281,327701171,3093358938,3752644812
210877834,324498445,3093394354,3628937166
192535379,312364973,3093309508,3598358273
397831401,305914670,3093289169,3797160109
427849738,330969467,3093276592,3852227638
371483399,313334191,3093261451,3778221682
231062735,300127340,3093399354,3624699306
204514330,309940883,3093198008,3607793671
440580318,312885671,3093362346,3846981866
275329238,313065710,3093279661,3681809667
660736914,328456895,3093393382,4082691065
458805480,316386230,3093359758,3868677963
602272240,313325203,3093351824,4009059173
1587205394,313940276,3093303416,4994568989
729532362,312408311,3093351222,4135390056
160870580,341611819,3093295530,3595916045
1174658968,304801955,3093323123,4572908697
1068415048,313293571,3093252777,4475102736
684321290,319072352,3093295859,4096801976
1203836712,327115248,3093281207,4624395442
433933119,314311628,3093262475,3841591993
374244996,319286577,3093337548,3787016396
211840205,311990723,3093400536,3617361256
750813273,314293842,3093381303,4158624570
339461587,315462441,3093438493,3748569579
349700939,310596901,3093365342,3753785939
392506862,325972113,3093376811,3811998159
523232091,309173714,3093299074,3925800010
658397909,315115336,3093335473,4066958906
619189405,317779956,3093348118,4030491915
775279076,329202400,3093322500,4198013604
589349856,311884629,3093195204,3994591993
577633809,306781987,3093292313,3977804222
266160723,310000031,3093347151,3669620646
236955289,318638339,3093255954,3648944349
1316400502,310461960,3093339012,4720319084
471804941,311860228,3093365331,3877163893
886925545,323918638,3093373992,4304347675
401981960,317202176,3093335528,3812649407
463933583,321081955,3093395954,3878523026
324585011,316773857,3093384066,3734890147
216086709,320200137,3093384097,3629807377
857495540,308598259,3093321846,4259533193
175527725,324959756,3093272833,3593896564
668411236,307360574,3093291437,4069231206
787983339,327512404,3093286397,4208909742
854993175,311398569,3093376577,4259937137
681854228,319767530,3093365367,4095110819
629820855,315082138,3093330627,4038337784
267745867,317547181,3093277532,3678710373
271226450,320591202,3093361629,3685317861
116210124,301681877,3093343565,3511374588
471520585,318735917,3093315415,3883688287
258943589,322805132,3093308128,3675166901
275472734,309067949,3093362187,3678007865
1005378863,316114512,3093298160,4414964100
164578442,326976089,3093310420,3584956818
330322638,322674489,3093355719,3746467728
395430265,304346305,3093311266,3793193480
276862667,331155142,3093299682,3701459072
430864839,306042490,3093392536,3830402339
470762924,316683748,3093338896,3880951080
585006728,305252846,3093295137,3983704562
465529680,316545705,3093372232,3875552675
1355412156,320607019,3093348478,4769464683
928194102,322568628,3093293120,4344189874
1132486465,306911779,3093374546,4532906986
460385770,313786433,3093298389,3867603735
1662586740,315914084,3093257500,5071890680
191819692,312919682,3093276286,3598137240
245892365,298493872,3093274138,3637810924
746011689,309043723,3093275116,4148476072
407561063,309558845,3093365952,3810594517
310130787,316333938,3093286941,3719897779
513040969,316333793,3093316919,3922785405
250334207,316379365,3093303198,3660139072
603138449,310334576,3093368802,4006994917
789444891,316084701,3093337405,4198990200
99120788,332627575,3093321804,3525270741
339464856,317388616,3093429068,3750420944
435296410,331804391,3093306131,3860518629
450855158,317049964,3093386076,3861392898
706241866,313914503,3093357105,4113649377
344000211,313918827,3093282859,3751359524
426396637,300572447,3093286031,3820389601
698494201,321922913,3093296390,4113878205
734284476,312173565,3093278744,4139890774
244358871,314667770,3093309015,3652440157
294548430,310518113,3093294847,3698498584
556983486,310907306,3093358258,3961346856
354715523,320245958,3093360103,3768453682
500693703,321570457,3093288396,3915705287
136278742,324575011,3093366610,3554347167
415815145,324625932,3093278303,3833856211
71286453,317549964,3093242285,3482209478
342832200,320242011,3093397283,3756607776
281909939,318941847,3093302041,3694263528
156516248,315759953,3093322046,3565738320
681358090,317861018,3093250320,4092615164
162552743,317991658,3093282041,3573969254
294653774,323032583,3093302330,3711104495
928623121,323469160,3093357184,4345591105
212626954,316701656,3093311816,3622779698
326249432,318590609,3093378519,3738333579
519573399,310862929,3093376594,3923945204
466215453,312839698,3093306054,3872487443
604230097,316263046,3093376375,4013975146
389606705,335141136,3093348249,3818232528
162844111,322007433,3093367415,3578381198
424722864,308671512,3093273385,3826817444
472646708,313620125,3093370309,3879722485
291200870,312810603,3093400915,3697545105
743096708,310074463,3093275202,4146546842
736032349,310703876,3093278835,4140149031
458568306,305053937,3093364794,3857062718
1120385033,317470111,3093297945,4531252516
589357857,318061357,3093307673,4000818164
818694896,317770677,3093408635,4230006465
321785752,325239864,3093279556,3740411082
450648829,329249005,3093260025,3873272415
382728852,311534855,3093362497,3787760954
722732116,310299030,3093283868,4126477797
402403436,319972927,3093372490,3815897608
574194276,321513059,3093333976,3989177164
372287129,311775012,3093269011,3777463946
255514462,306696812,3093301443,3655613031
292420024,326615142,3093305397,3712477695
320968317,320171804,3093310605,3734588555
422838712,314557349,3093382263,3830894767
578875617,317418009,3093285546,3989727538
427735830,316860567,3093355024,3838080605
260686712,320985170,3093371994,3675186658
927119425,316410390,3093280803,4336911525
343193918,304005072,3093246776,3740596596
566949917,320721488,3093346272,3981167939
349412511,320877769,3093333577,3763717595
507481756,326307836,3093328431,3927289508
698504324,307574810,3093249757,4099447602
160727274,317617506,3093348049,3571832817
202011345,312968757,3093360559,3608484217
610128849,319206798,3093400294,4022854717
1769975063,312920841,3093359428,5176371127
605702838,325676608,3093298177,4024769260
260862651,319029513,3093297010,3673316673
596780921,301871771,3093358044,3992159957
233382546,314180162,3093376636,3641051115
260257600,321052133,3093389975,3674842586
1109079980,321773121,3093336137,4524326048
686613761,326993136,3093370368,4107079292
578951412,320108067,3093354128,3992547240
328002616,311878450,3093280559,3733255183
192862852,326580234,3093360809,3612930092
1464891880,318452229,3093343814,4876817352
389343704,302060879,3093283146,3784804129
652179598,325752833,3093300105,4071356969
1029203999,311353901,3093289369,4433989782
346022534,314535155,3093388176,3754066644
583337678,318689895,3093353721,3995506727
903298529,320681889,3093299661,4317412918
378272068,315288318,3093328882,3787029554
449613622,310003745,3093362371,3853063911
865580712,311464344,3093382925,4270571129
642863702,320163011,3093296592,4056468530
401112458,309730944,3093286528,3804260046
94100958,308063492,3093275707,3495591744
583208976,312751299,3093262885,3989347103
984753016,315078782,3093311364,4393279321
472423739,316355024,3093397589,3882317705
849359962,314398150,3093303558,4257165396
270258940,306680072,3093385430,3670443841
71659004,308010438,3093374282,3473204419
661781025,325326012,3093267127,4080524496
426639377,313624069,3093283616,3833691973
221615604,329623037,3093344752,3644716693
424891198,306317076,3093292534,3824648698
360301630,317678988,3093377481,3771473313
332468645,322569143,3093378589,3748552433
171940835,327598801,3093303931,3592952576
561885516,311962338,3093258772,3967244313
289453107,315618385,3093290458,3698488976
511768274,306928702,3093348172,3912175882
132782090,320758859,3093388269,3547085355
244009470,311959107,3093317044,3649446487
439044623,318533850,3093366048,3851062203
774495644,318979467,3093300864,4186903417
400921133,310819119,3093242990,3805105943
236363165,311459017,3093299131,3641240632
647045778,312565729,3093378231,4053122597
533009309,326024095,3093263539,3952437845
2912460802,314600322,3093375069,6320546593
553529211,319204414,3093299769,3966169068
543385980,314717356,3093281610,3951512354
964153017,313013915,3093286775,4370582151
420063895,310471056,3093327017,3823964831
190378696,310427761,3093275919,3594167228
667687004,310298698,3093289415,4071374815
305620847,317219491,3093385424,3716331336
385218896,310617493,3093311267,3789293518
113630841,309262728,3093349239,3516387040
723863282,306923118,3093313392,4124212882
210131664,317767202,3093381747,3621390395
561860850,317974159,3093246496,3973231081
993018402,318719763,3093399175,4405276710
1107018139,315748365,3093319853,4516219717
163504154,321242698,3093339378,3578211866
253137709,320098473,3093342923,3666719377
795487800,315025319,3093289693,4203936009
324130444,313721106,3093293071,3731250141
311197916,319209089,3093302875,3723832096
544541891,322749651,3093278782,3960705094
114765736,310203978,3093396474,3518461963
449416875,318402450,3093405535,3861366727
298307923,321143423,3093288890,3712829955
612176375,328037576,3093322486,4033639710
492777936,305817110,3093337943,3892059045
226246964,320690501,3093328545,3640392779
67664442,321590026,3093387480,3482746088
186324415,307209907,3093387118,3587044431
60655730,321282628,3093264242,3475346977
460679103,326556242,3093245357,3880614038
463118200,319228196,3093360503,3875866195
698154775,309292746,3093325532,4100881562
411797755,323211943,3093296261,3828445295
236692447,314121347,3093317420,3644308099
545591041,325082792,3093337487,3964127914
533529437,318007634,3093356594,3945063114
509076296,315581953,3093399342,3918189369
1008428891,329321811,3093398860,4431280881
276165064,318203767,3093375257,3687896076
292508205,310808618,3093344747,3696776605
939548475,314571698,3093303347,4347538942
300595544,316404075,3093295051,3710431154
462414159,307282454,3093339609,3863156805
1477029131,319248175,3093293800,4889715894
1126507233,312088558,3093272509,4531981605
603398429,320359581,3093271949,4017170691
1153455826,327536893,3093287574,4574391083
217688231,318905718,3093385330,3630111246
956687652,306547741,3093346614,4356722392
860122080,319869572,3093317438,4273443961
392361258,313683104,3093334090,3799494571
1066891605,317100273,3093383897,4477505129
438827151,318666328,3093349812,3850970205
985699360,310779478,3093355932,4389976712
447094780,305104139,3093405270,3845731217
586758934,318579984,3093361243,3998829352
548591865,310206359,3093353613,3952243675
433989274,324590043,3093375982,3852076258
892995176,313683220,3093375586,4300176229
786467961,314669546,3093309725,4194561578
283072115,334310926,3093275588,3710790086
339154639,314724617,3093361268,3747406218
277141364,311967060,3093338504,3682553302
77518313,312191524,3093272720,3483099998
98123432,318287058,3093259849,3509834928
717216365,321549651,3093301222,4132202271
139634250,318133112,3093278258,3551187757
155029305,320046902,3093285695,3568495374
335601033,324214627,3093313407,3753283381
500200307,310876534,3093374993,3904551346
129682789,317934553,3093279410,3541033287
344586180,319923224,3093315478,3757968428
258997894,310824750,3093326989,3663275756
579531708,322432166,3093265531,3995356343
488134980,314001517,3093314805,3895536036
240766918,309191121,3093371870,3643417266
437521772,307492879,3093364570,3838467864
59826262,320617245,3093422541,3473983101
289291776,327797642,3093327227,3710532910
660600669,311921246,3093375824,4065986374
559276294,314193612,3093366495,3966943661
183614264,311410862,3093344132,3588556063
531695477,319242473,3093368135,3944446927
137034687,311074712,3093401695,3541613855
283224525,313681458,3093266297,3690289073
704721843,318814733,3093353353,4117023014
351092305,304697895,3093363060,3749244029
756691906,310005611,3093276469,4160099064
549245252,315691932,3093291373,3958361380
572235362,318198396,3093283069,3983825345
198365604,313823184,3093362874,3605678486
248190261,318839898,3093291246,3660462795
1404108024,311356505,3093295056,4808889115
626911216,311941840,3093291519,4032297861
1003686752,323823482,3093275919,4420917447
185625793,308222602,3093263216,3587244918
300277859,307962129,3093294686,3701701082
326093922,304863934,3093325931,3724422739
752860461,309716598,3093170686,4155891947
1235015996,324261772,3093246390,4652649446
398675655,324760753,3093273911,3816858870
858474616,326364886,3093373750,4278338413
271100673,315478265,3093365955,3680062810
186183096,301336166,3093333850,3580947320
92281730,308725051,3093350317,3494483773
471990593,311618200,3093308493,3877032529
703810663,318758058,3093271571,4115969696
271792097,317201586,3093278405,3682412827
398040971,310117986,3093365439,3801683581
528699644,313464908,3093284528,3935614417
773122850,313171734,3093348378,4179784863
755778698,316887198,3093276812,4166089759
647099418,319091456,3093268445,4059608751
436732829,317590269,3093275991,3847738497
413651817,321834616,3093383185,3828977321
375248907,317937738,3093290494,3786579151
77207391,304265303,3093355163,3474969659
356594674,309076012,3093357094,3759139608
444603102,311593511,3093374846,3849675270
483675413,315496966,3093296645,3892601693
637774201,316938771,3093346656,4048191923
157486038,311044836,3093299800,3561931372
476246111,319776508,3093289151,3889462864
615804601,306802405,3093287061,4016032554
920013033,314752289,3093324445,4328226641
161743113,307416830,3093293310,3562549271
350252973,313294005,3093342914,3756999926
1044762782,311596106,3093343333,4449793361
376417004,317382764,3093307951,3787230158
573768429,312720198,3093253491,3979903728
598839989,317156062,3093285020,4009411219
334477407,320462114,3093272346,3748356396
448950587,310187334,3093301475,3852532812
798514275,318982903,3093369824,4210968583
408043686,307952861,3093389736,3809513330
323409336,310597935,3093281897,3727441719
396486690,315416861,3093300871,3805303303
327949465,311767162,3093363851,3733218038
706543010,323549852,3093353899,4123600453
323095320,314068709,3093273117,3730544340
375513674,323103752,3093384251,3792145859
481300596,308449218,3093372803,3883230293
634243756,311317049,3093435075,4039131615
956153708,316659722,3093294566,4366241514
435826179,315418450,3093296828,3844643925
184861174,317782076,3093329306,3596105758
603997962,311127893,3093354698,4008624911
388619761,314352595,3093356498,3796494553
203962685,312750525,3093264284,3610068069
340768719,318173057,3093309881,3752395658
544626135,293489438,3093302691,3931522052
209933595,317600903,3093370474,3621004369
403836070,312779209,3093265753,3809979305
164494115,312534536,3093368645,3570524982
1113105733,314324733,3093289861,4520818271
175254759,309962124,3093294977,3578613326
205837806,317541355,3093295795,3616806060
648370246,307370983,3093363507,4049248117
583705441,315422340,3093307384,3992543413
390672257,318312520,3093319823,3802406539
667238775,318456186,3093356391,4079159373
303160573,320279584,3093289964,3716841572
282748079,322593626,3093344168,3698819350
173806908,313145188,3093356689,3580419603
418055188,311956352,3093296067,3823414302
366252090,310564216,3093369052,3770291169
280926767,317484302,3093303372,3691850898
776137948,321792879,3093274062,4191311345
306704669,309574479,3093298207,3709709054
392589549,312390996,3093376015,3798465898
488085445,303588722,3093362581,3885181137
1075979234,312712018,3093302381,4482093181
747574689,330409599,3093310899,4171439856
170023709,306330656,3093254873,3569738457
971153206,297707853,3093325523,4362280926
345909029,316346833,3093254639,3755683029
215614989,309569093,3093278616,3618599909
902962544,312659930,3093355511,4309073556
352918291,308947760,3093177665,3755161578
406527521,315284348,3093316871,3815243153
486400340,328395739,3093341237,3908272965
478764148,314648064,3093403139,3886949515
1041631131,308622924,3093275472,4443625746
895772979,309754782,3093288163,4298913923
201609351,320716507,3093300528,3615760075
222884978,312524578,3093319466,3628836199
437749040,319427302,3093388110,3850732315
576605394,299419562,3093346366,3969515108
451692864,317701225,3093267189,3862796423
376747774,316214136,3093309018,3786396802
170642173,321473658,3093254378,3585536680
371304839,312925677,3093349806,3777705863
567563076,325509507,3093365336,3986570085
287109831,313706984,3093362657,3694311144
626689180,325975831,3093300680,4046081756
580265037,309733352,3093266446,3983394035
551526456,322016025,3093347459,3966973621
351754372,320829254,3093336734,3766057709
589038895,325675584,3093393201,4008222080
1628973564,318788414,3093283978,5041165695
501200915,306957278,3093311754,3901595627
149965717,312802669,3093333452,3556262223
620296615,309873396,3093357469,4023676231
236802628,315118527,3093241786,3645305090
838125861,313349925,3093285418,4244898936
455026511,318821109,3093318158,3867300902
685467884,317977581,3093325959,4096909625
563099228,313068425,3093389536,3969699248
1278290232,312403164,3093340719,4684162489
189321719,310851480,3093296028,3593593625
327527383,336181577,3093361377,3757227008
1073241118,314972307,3093273750,4481644556
112798126,317505499,3093323147,3523728143
816283692,329826835,3093276730,4239535703
117825482,311481620,3093377087,3522819726
1171309704,312349970,3093297799,4577089247
873867625,335329304,3093377924,4302672080
452329773,317329325,3093283916,3863032970
444437135,311705288,3093357217,3849592207
1055026827,316526811,3093378952,4465074546
191587578,325085257,3093348985,3610114314
312009675,302057507,3093327148,3707509897
1357303139,317355762,3093306477,4768097338
310829980,310093242,3093337428,3714384040
794523218,314170938,3093376772,4202210790
1271021545,305243723,3093390567,4669811163
725326654,322039849,3093187824,4140690298
355537312,322967608,3093339197,3771933649
885960897,316994784,3093299103,4296360112
444491754,305206187,3093304386,3843125352
490791339,338481219,3093354385,3922785849
318429768,311797425,3093288720,3723600602
535208700,298314171,3093295490,3927010326
359210533,311217277,3093336321,3763899000
96402969,313752026,3093310326,3503568261
318017933,316480299,3093350255,3727975504
338267512,306041180,3093319608,3737732658
159725857,310752797,3093248105,3563860388
603991321,316544372,3093276356,4013944370
389963577,309565267,3093275717,3792935760
276418892,315261427,3093387373,3685207915
397016435,299655323,3093296726,3790094362
85962332,314672692,3093355436,3494113557
376011014,332700704,3093326411,3802189632
1091837656,317964024,3093316117,4503251556
399580993,320801044,3093290059,3813829970
511969278,319138831,3093298293,3924512091
328982926,318720262,3093340151,3741189554
805622134,318116174,3093387146,4217236352
645662792,313965489,3093343766,4053136647
241398836,309193528,3093256964,3643997827
306741056,308181268,3093342123,3708401164
1123318146,320616088,3093263863,4537288636
485327964,324299075,3093339171,3903065023
230307270,325469776,3093274613,3649178957
921110433,317263002,3093393144,4331883635
543279970,315875757,3093372310,3952634385
397006064,325475624,3093327571,3815965167
173819280,304667874,3093372410,3572035567
613358732,302351780,3093287663,4009130490
390226998,314506930,3093274315,3798152784
677610028,313672400,3093268075,4084638678
210160759,313262803,3093411043,3616949473
1498986514,314292987,3093282636,4906710349
213165872,318551879,3093286877,3625101157
1259646240,314980026,3093339855,4668108276
659608080,317702632,3093366908,4070823218
284174947,313882044,3093376049,3691546371
204579137,314169149,3093397376,3612285344
300032591,318718003,3093340011,3712207592
1323466897,313659483,3093289874,4730541052
1051933857,313458919,3093346053,4458861733
364480316,311668530,3093353190,3769633835
297112301,311115611,3093437920,3701806472
574757494,309196346,3093328448,3977387523
194836109,307223772,3093329672,3595515694
339997591,326618805,3093293399,3760052310
1271182349,316264776,3093271196,4680854479
378309006,324840749,3093315059,3796561799
206290251,318729610,3093370531,3618528823
283956335,318557247,3093384490,3696042039
262425364,310944782,3093361136,3666832940
734551627,308202450,3093354436,4136267132
135420134,319130751,3093290619,3547941778
1978716963,316484170,3093371712,5388668062
99092213,338335078,3093375987,3530950137
753529972,324313156,3093359729,4171306084
889345215,313011950,3093297034,4295792247
299526299,305909472,3093286422,3698849220
790328436,306345803,3093279550,4190072041
202869170,317139958,3093375159,3613545294
184792605,315443968,3093271581,3593611088
204068233,309755557,3093365438,3607276357
68286741,310264646,3093361595,3472055359
1146009405,322579965,3093377728,4562109437
1299670815,326475463,3093284921,4719607989
297841986,327296893,3093376843,3718626187
869607736,317361715,3093270877,4280366719
1601236962,309295444,3093388230,5004029355
204061978,312473924,3093350269,3610036669
363611975,315604686,3093372227,3772714990
1251216620,311316608,3093320487,4655948807
298104332,302915091,3093303081,3694436749
346222532,321431026,3093363720,3761191691
459380241,313986219,3093358847,3866856858
690978096,318304373,3093271321,4102707507
792478137,314357069,3093250410,4200215103
407921384,329640322,3093365882,3831063414
659986852,317206411,3093351164,4070672558
449390260,313708096,3093329048,3856554645
757387143,316834756,3093310168,4167689941
363338390,324010681,3093380830,3780871393
275717176,325770327,3093308662,3694962361
97872074,312422991,3093323268,3503778558
154579417,300777674,3093301305,3548789032
398235510,317522539,3093342718,3809247526
584619793,311016965,3093344683,3989150415
609800187,319410963,3093294786,4022631069
267445415,312051529,3093341453,3673039888
774421898,312411198,3093320839,4180295647
209314035,328621949,3093317272,3631333822
292064075,318228027,3093302065,3703726536
539734500,311117679,3093304274,3944312349
719455013,304279167,3093296737,4117179874
227091864,307624970,3093357671,3628216698
480022036,293874873,3093421687,3867388236
771293864,342775846,3093241704,4207361786
245098996,624662072,3093338105,3963671933
12657812,0,0,12751212
91249308,343038008,3093344983,3530836583
