0,334717433,3093377381,3428366531
0,336755741,3093336276,3430389914
0,338934684,3093476935,3432822579
0,344363083,3093242490,3437928430
0,335735668,3093436065,3429479116
0,338088228,3093391540,3431798084
0,320333046,3093374877,3413976470
0,330384352,3093391843,3424087943
0,339607365,3093326529,3433214796
0,345971646,3093382378,3439663280
0,338186216,3093299558,3431794980
0,345271731,3093367799,3438946815
0,323271427,3093391841,3416945364
0,344686213,3093278721,3438274497
0,337823193,3093334407,3431430059
0,335179884,3093406548,3428908870
0,338556017,3093329836,3432142938
0,335766618,3093422417,3429444340
0,344386040,3093372717,3438026225
0,342249076,3093390730,3435945922
0,348007426,3093314411,3441634897
0,347452173,3093425543,3441170731
0,325530195,3093298063,3419105499
0,336856014,3093364920,3430493828
0,331613413,3093402122,3425305847
0,329218679,3093316576,3422842611
0,335172787,3093425486,3428861509
0,332488602,3093389145,3426189557
0,341103437,3093390150,3434800372
0,334697318,3093304118,3428274996
0,329328979,3093288628,3422889349
0,333294809,3093395546,3426967984
0,337071825,3093323486,3430686393
0,340353840,3093401078,3434033515
0,334331760,3093400192,3428026080
0,330620151,3093334419,3424235899
0,336649723,3093340435,3430306440
0,345964053,3093306652,3439544984
0,338737094,3093449474,3432575719
0,334319419,3093337215,3427931616
0,330844898,3093373187,3424485632
0,333595501,3093414627,3427281849
0,322112041,3093340430,3415780236
0,329560752,3093300960,3423161432
0,338203235,3093373687,3431886248
0,332162223,3093294073,3425754093
0,339242672,3093418377,3432980076
0,337583922,3093407233,3431284438
0,331669825,3093361219,3425300949
0,344263284,3093310545,3437866403
0,317725906,3093346461,3411350308
0,328537900,3093325798,3422154666
0,343981107,3093311577,3437572847
0,344233045,3093402413,3437932536
0,348666879,3093308389,3442327027
0,338926465,3093386203,3432620497
0,330097203,3093346991,3423732962
0,331544887,3093293525,3425110261
0,335655655,3093313295,3429245575
0,345755055,3093375772,3439413895
0,332640060,3093412970,3426311270
0,328115540,3093310018,3421719498
0,333549931,3093389570,3427220686
0,335781460,3093371760,3429445542
0,342945582,3093372850,3436597714
0,358250601,3093427757,3451992414
0,331193436,3093396769,3424850285
0,330484767,3093389910,3424157731
0,350643244,3093443011,3444371226
0,347318186,3093380618,3440978293
0,328266405,3093434113,3422049617
0,331202557,3093439515,3424962167
0,319359255,3093360042,3413039195
0,331962541,3093361478,3425687040
0,326631321,3093409895,3420365587
0,335310370,3093341395,3428969079
0,332691359,3093273417,3426288929
0,343345907,3093289680,3436913439
0,343074316,3093372216,3436739966
0,315327211,3093393621,3409001380
0,324238941,3093300553,3417842194
0,321266502,3093339877,3414918501
0,352196666,3093335790,3445841442
0,329001148,3093315859,3422640739
0,337928365,3093383824,3431594972
0,331674768,3093451755,3425474570
0,334985578,3093418205,3428702879
0,338590746,3093343533,3432209771
0,337931334,3093298992,3431515075
0,332908864,3093382242,3426560892
0,331746048,3093418841,3425473419
0,329281111,3093382269,3423064251
0,338392642,3093409223,3432111084
0,334250226,3093422232,3427955007
0,334582960,3093360988,3428258256
0,340117558,3093379277,3433793802
0,337636413,3093424054,3431310912
0,332691350,3093386916,3426336924
0,327968809,3093383870,3421670036
0,326760387,3093298972,3420391965
0,334918306,3093362283,3428578131
0,319840313,3093390367,3413490407
0,347660674,3093343345,3441322996
0,342642425,3093316656,3436267747
0,340260563,3093380012,3433945337
0,335691096,3093421236,3429379109
0,322051297,3093417166,3415759838
0,350745001,3093422275,3444475868
0,343287506,3093327864,3436921836
0,336343142,3093327501,3429972036
0,337155775,3093360071,3430782917
0,343266779,3093313803,3436870142
0,348439228,3093335331,3442072421
0,325387751,3093373762,3419057749
0,332967080,3093332593,3426564750
0,342813686,3093311156,3436417570
0,327772443,3093392306,3421448362
0,320774815,3093410854,3414467951
0,329456058,3093387334,3423115807
0,346476512,3093326287,3440099729
0,334270048,3093323928,3427897912
0,326992798,3093323957,3420611555
0,337889953,3093432245,3431589485
0,342227515,3093340908,3435810848
0,325275477,3093348076,3418905504
0,342720229,3093306966,3436332523
0,337904896,3093400233,3431589423
0,332873273,3093376545,3426506539
0,348514159,3093335864,3442125686
0,345692804,3093305089,3439296784
0,334233957,3093333468,3427812500
0,325313552,3093395588,3419034351
0,348565104,3093395442,3442254215
0,343008476,3093345319,3436642609
0,319972075,3093337281,3413609375
0,325952579,3093335895,3419565639
0,324808469,3093392015,3418477353
0,330381559,3093399189,3424057270
0,336766284,3093497273,3430686717
0,341473158,3093316431,3435079920
0,340243131,3093307209,3433824616
0,331729273,3093309176,3425299137
0,352596644,3093412671,3446300194
0,319890023,3093400036,3413582694
0,334580561,3093372746,3428285729
0,318650543,3093407423,3412306345
0,325893579,3093315391,3419503818
0,336715428,3093325537,3430340788
0,333264945,3093282788,3426802269
0,334804965,3093312384,3428396165
0,348923341,3093322702,3442520746
0,331991726,3093462112,3425727495
0,328975193,3093344329,3422621674
0,319785623,3093467635,3413505759
0,338494822,3093463030,3432235053
0,338284297,3093358758,3431938941
0,339680999,3093393258,3433343520
0,324256444,3093287278,3417819178
0,332221385,3093341200,3425846666
0,317437188,3093378726,3411204595
0,335798239,3093411102,3429503316
0,338390653,3093382980,3432094794
0,316781584,3093364646,3410421268
0,330872438,3093351300,3424579159
0,329346952,3093324056,3422971323
0,330367573,3093402589,3424012968
0,337849340,3093369097,3431470986
0,322022530,3093305066,3415634980
0,325371607,3093346463,3418993489
0,326149001,3093471345,3420047200
0,323088996,3093401490,3416775446
0,343494511,3093369106,3437179963
0,338632406,3093381213,3432294621
0,353366212,3093401871,3447049970
0,345494917,3093355676,3439120887
0,338483289,3093330108,3432112114
0,334731015,3093301567,3428289669
0,331353436,3093338530,3425020368
0,341984502,3093342323,3435650671
0,332433567,3093345435,3426060139
0,351364874,3093373741,3445047918
0,333540630,3093349278,3427170931
0,327732922,3093459806,3421544486
0,328713998,3093403180,3422447571
0,348486844,3093346324,3442121191
0,342483191,3093422775,3436188490
0,327639441,3093374424,3421263361
0,337110943,3093393304,3430804920
0,324081447,3093312151,3417688217
0,336510860,3093331424,3430142987
0,332191581,3093350610,3425862097
0,325496458,3093332081,3419103415
0,334025992,3093312444,3427599668
0,316997229,3093374986,3410640801
0,333543784,3093425207,3427246223
0,333360657,3093381107,3427021115
0,337414835,3093387716,3431064886
0,349723283,3093396475,3443481326
0,339725483,3093514187,3433614880
0,325348829,3093362058,3418989566
0,339816199,3093342942,3433419291
0,342332610,3093426531,3436034613
0,328574136,3093314123,3422149620
0,329048042,3093415576,3422722045
0,323747098,3093376204,3417419106
0,326523275,3093315115,3420108614
0,331034450,3093350677,3424655801
0,346639830,3093318816,3440277700
0,332384621,3093405814,3426087991
0,335948070,3093355196,3429598992
0,324638644,3093406202,3418339565
0,335240066,3093309080,3428916775
0,339055936,3093385065,3432767981
0,325824468,3093390608,3419474692
0,339247807,3093436605,3432952011
0,331587911,3093323483,3425203943
0,330940482,3093307192,3424528367
0,329035310,3093403540,3422715535
0,332385853,3093337366,3425989049
0,337205600,3093424063,3430922403
0,337952067,3093337431,3431582293
0,333470579,3093371191,3427129408
0,335451016,3093431697,3429143616
0,335018685,3093322244,3428602842
0,344585644,3093331440,3438232182
0,345423180,3093293300,3439061391
0,319955481,3093264558,3413558831
0,324833654,3093340770,3418449646
0,340640290,3093402839,3434454784
0,335115016,3093359942,3428780844
0,338318268,3093402690,3432007823
0,337525046,3093336315,3431231845
0,334014832,3093308398,3427681022
0,333634872,3093421633,3427342254
0,335850700,3093333436,3429476184
0,341066297,3093303109,3434686881
0,347757721,3093299521,3441353214
0,322539533,3093348665,3416163010
0,346317325,3093328778,3439931182
0,343083820,3093359972,3436727263
0,324691478,3093314498,3418274809
0,341062107,3093363905,3434741834
0,321641193,3093353026,3415267341
0,333342976,3093363885,3427043373
0,331413057,3093363249,3425064681
0,345998377,3093362953,3439678291
0,340573905,3093384530,3434239744
0,331283130,3093403342,3424953687
0,341876702,3093414632,3435671985
0,352404067,3093316287,3446017636
0,339972692,3093383312,3433643624
0,319811795,3093337233,3413416689
0,342974790,3093372564,3436638827
0,335795179,3093328183,3429429708
0,337232012,3093354682,3430888069
0,332695924,3093400379,3426373084
0,328957060,3093309956,3422551776
0,353043951,3093343432,3446700011
0,329640808,3093519967,3423534235
0,333626394,3093450232,3427381345
0,326716977,3093345423,3420341228
0,337054778,3093393440,3430740643
0,326459219,3093408770,3420128723
0,323883142,3093320857,3417494319
0,338162276,3093302667,3431750530
0,327489177,3093302686,3421068278
0,333833870,3093397937,3427532446
0,337173170,3093312802,3430779913
0,328969070,3093287276,3422552227
0,333979965,3093420039,3427663862
0,334143306,3093372959,3427821080
0,331946298,3093386876,3425630658
0,329288510,3093318449,3422892280
0,338394358,3093406028,3432087569
0,335379466,3093294758,3429023109
0,342560939,3093299956,3436142417
0,325739303,3093387117,3419411941
0,332865197,3093382871,3426553118
0,334849903,3093405902,3428566930
0,356719652,3093406543,3450433937
0,332092725,3093378860,3425755302
0,340542671,3093320063,3434166928
0,333999272,3093310779,3427617486
0,332954000,3093339302,3426580457
0,337106655,3093400966,3430824453
0,323284526,3093399255,3416953472
0,345360578,3093307953,3438949319
0,331804314,3093396735,3425480484
0,333750439,3093381319,3427396721
0,353581101,3093364399,3447264487
0,341034532,3093409893,3434727267
0,312425192,3093330312,3406043112
0,327698304,3093437049,3421386748
0,333255201,3093294095,3426857614
0,343401355,3093333813,3437005781
0,338424682,3093384904,3432121328
0,327315813,3093360398,3421008689
0,333911447,3093434183,3427698296
0,344033799,3093439903,3437758843
0,330757524,3093404048,3424471923
0,331188479,3093341719,3424828054
0,344943489,3093344046,3438595051
0,329061903,3093410302,3422744403
0,328446709,3093402814,3422135453
0,333526373,3093419104,3427233582
0,334502686,3093399160,3428221793
0,336150735,3093421550,3429876673
0,350521564,3093386255,3444184954
0,347322174,3093325669,3440952687
0,323151798,3093302046,3416735928
0,339823032,3093378262,3433511206
0,328073365,3093320142,3421682681
0,329176583,3093397529,3422893313
0,338232320,3093396618,3431913879
0,333201361,3093388308,3426869621
0,334670493,3093375745,3428333238
0,352772467,3093290931,3446378200
0,324829353,3093341481,3418476430
0,348553825,3093381440,3442260284
0,335701937,3093381954,3429416936
0,334732023,3093446940,3428475890
0,338950310,3093387048,3432633944
0,329681108,3093406423,3423385376
0,327699333,3093301878,3421308094
0,345717363,3093319665,3439423464
0,330364412,3093382852,3424032064
0,334353497,3093378381,3428006598
0,329552709,3093387996,3423219285
0,324946986,3093265724,3418466699
0,333500017,3093366325,3427142938
0,334335456,3093335919,3427976607
0,338443750,3093313551,3432047286
0,343938425,3093442234,3437654032
0,322421702,3093327340,3416011575
0,340228907,3093286231,3433807022
0,331346379,3093392833,3425049353
0,336055955,3093497929,3430034060
0,336398630,3093291717,3429960738
0,327238091,3093297499,3420829888
0,327569750,3093436480,3421325051
0,334630338,3093381691,3428300058
0,329885942,3093397070,3423573433
0,330463424,3093320333,3424055152
0,338786727,3093395697,3432514408
0,331778172,3093393711,3425468635
0,333942130,3093305770,3427532329
0,322338259,3093337828,3415959264
0,329952890,3093338781,3423590903
0,326826139,3093386548,3420499314
0,345171845,3093340321,3438774092
0,323125965,3093370177,3416799154
0,337723214,3093320683,3431338292
0,329767057,3093305702,3423371960
0,341360359,3093405652,3435067144
0,343525716,3093418213,3437290268
0,318686059,3093315437,3412295629
0,325197391,3093388423,3418868559
0,330024345,3093414214,3423743640
0,331887326,3093330468,3425556875
0,340522631,3093361263,3434292103
0,321785998,3093304492,3415383064
0,337364331,3093312155,3430994161
0,321430251,3093295984,3415009059
0,336617891,3093416275,3430348720
0,357462329,3093448405,3451193072
0,319514294,3093317898,3413112314
0,349502835,3093318929,3443152723
0,320076937,3093357633,3413731446
0,329746783,3093371654,3423388590
0,321867372,3093313613,3415438475
0,341153791,3093397401,3434852693
0,338056831,3093306281,3431633536
0,321121126,3093379113,3414797364
0,348852357,3093379751,3442490428
0,341252558,3093428369,3434982118
0,335410831,3093443819,3429298120
0,320533857,3093425271,3414314628
0,357994624,3093390746,3451686620
0,342498514,3093319747,3436088477
0,351024270,3093436457,3444778628
0,332971913,3093325828,3426568074
0,334387969,3093304439,3427973666
0,331453032,3093378616,3425101037
0,323306657,3093334498,3416969072
0,339148523,3093292367,3432726758
0,334974719,3093358003,3428655731
0,335459917,3093304303,3429061476
0,322250511,3093400830,3415919319
0,324000991,3093321595,3417598152
0,312544052,3093322786,3406144943
0,326730714,3093297043,3420284257
0,336880114,3093387814,3430562569
0,336118986,3093315917,3429714116
0,351811500,3093323286,3445452974
0,339453512,3093373634,3433121708
0,336539692,3093475275,3430294284
0,333848269,3093375668,3427480972
0,333689294,3093421276,3427385413
0,336004743,3093409244,3429714791
0,323143098,3093315806,3416728350
0,338801415,3093418463,3432482657
0,334552316,3093415096,3428222799
0,326625939,3093416636,3420305795
0,346512553,3093429027,3440226829
0,329729939,3093369243,3423368812
0,327638435,3093346450,3421280528
0,341672793,3093286547,3435252893
0,334371831,3093422775,3428057586
0,345469674,3093439495,3439208417
0,331053391,3093403066,3424756458
0,328430072,3093448119,3422240836
0,330370796,3093363871,3424048084
0,334572864,3093362524,3428253344
0,318608219,3093331268,3412225408
0,330343357,3093338585,3423965297
0,325813083,3093288886,3419397030
0,348961276,3093437189,3442685501
0,337872209,3093337497,3431479039
0,348838606,3093478244,3442716067
0,339445223,3093432958,3433163624
0,336093475,3093404271,3429771228
0,341322909,3093423189,3435019573
0,327544488,3093304270,3421147707
0,338730652,3093404316,3432517105
0,333990595,3093378420,3427657810
0,342360814,3093411236,3436055376
0,336412267,3093398011,3430238202
0,329434980,3093308582,3423027657
0,337708859,3093396863,3431376267
0,343788762,3093425622,3437489598
0,328681344,3093373370,3422341675
0,341748378,3093328386,3435376624
0,329629375,3093395870,3423304959
0,331756620,3093459465,3425591109
0,323108949,3093498659,3416943349
0,339833111,3093412152,3433546625
0,345306837,3093429467,3438997479
0,342856820,3093443064,3436566845
0,324915229,3093436683,3418627486
0,328789752,3093400189,3422469974
0,317664217,3093336950,3411277108
0,330862122,3093391163,3424596457
0,329189282,3093316301,3422784135
0,350849873,3093423359,3444622450
0,322271719,3093347433,3415873904
0,333298325,3093355859,3426962618
0,342153191,3093346208,3435909290
0,341972501,3093413219,3435695817
0,349524153,3093411925,3443246436
0,321096828,3093288325,3414629640
0,330017987,3093247287,3423528402
0,333536125,3093290514,3427086463
0,338039940,3093419160,3431690614
0,326314192,3093388160,3419985558
0,341116995,3093380068,3434755112
0,342366870,3093433090,3436068775
0,321300256,3093334617,3414908440
0,340638934,3093313970,3434250122
0,340098274,3093422910,3433791198
0,326037602,3093380127,3419688368
0,348928556,3093430007,3442651463
0,345773147,3093314214,3439361712
0,335264206,3093343631,3428906101
0,357226389,3093395720,3450920413
0,340770870,3093445493,3434518613
0,340486406,3093402680,3434169722
0,341932506,3093378187,3435634930
0,325038565,3093300297,3418646141
0,345796222,3093325423,3439382165
0,331361548,3093418995,3425043487
0,329973197,3093418295,3423659134
0,341764498,3093320207,3435376810
0,336885959,3093369630,3430517543
0,331932827,3093348255,3425548398
0,331201248,3093385445,3424956639
0,336668127,3093326726,3430240892
0,341658031,3093401592,3435367750
0,348676936,3093428808,3442403649
0,320858265,3093391211,3414519411
0,320644993,3093304514,3414236987
0,328841195,3093464070,3422630082
0,345158478,3093420855,3438874585
0,338827279,3093445735,3432606571
0,351770819,3093490792,3445635020
0,331117975,3093456914,3424892782
0,335854665,3093430982,3429587829
0,339997953,3093442053,3433735784
0,337389929,3093331514,3431006554
0,347044024,3093394891,3440719612
0,328362396,3093450346,3422107040
0,327062519,3093392355,3420878465
0,335014632,3093348697,3428629915
0,351797587,3093394477,3445479276
0,323691961,3093350274,3417318859
0,339689760,3093320859,3433313991
0,327090214,3093383014,3420855239
0,334976335,3093475585,3428813170
0,336233456,3093417656,3429913866
0,329059720,3093391800,3422740704
0,336925671,3093290096,3430475917
0,340328440,3093361445,3433962001
0,336857577,3093403376,3430564191
0,334148846,3093422873,3427842570
0,332083649,3093405845,3425784821
0,335706571,3093483528,3429553312
0,353181812,3093371780,3446814694
0,325967085,3093355857,3419617774
0,342850957,3093379345,3436508868
0,332766421,3093389130,3426439355
0,341904877,3093433202,3435638581
0,340029893,3093315438,3433676329
0,329508516,3093364453,3423152656
0,338930766,3093381900,3432649447
0,320611080,3093434360,3414323928
0,345887068,3093406594,3439554549
0,321241635,3093399619,3414930409
0,335933116,3093453512,3429681755
0,327128748,3093297908,3420695110
0,342132461,3093337060,3435750873
0,340369064,3093364030,3433998643
0,325333332,3093312076,3418948191
0,327320189,3093387468,3420997591
0,329907762,3093375755,3423568249
0,335840384,3093323449,3429461969
0,334603760,3093478706,3428458323
0,332210109,3093311881,3425809001
0,351366658,3093404753,3445075701
0,318423048,3093299488,3412017635
0,322101838,3093379366,3415776175
0,334845889,3093325560,3428476403
0,334445008,3093342747,3428145106
0,319355683,3093331086,3412976506
0,331272991,3093448486,3425044448
0,352527088,3093437922,3446270052
0,328909839,3093279260,3422462024
0,335172186,3093374256,3428849822
0,332195001,3093334769,3425812149
0,333971735,3093309853,3427580947
0,322542924,3093376915,3416190211
0,329356019,3093447349,3423100534
0,339417209,3093321093,3433012860
0,345368359,3093394322,3439119192
0,335222550,3093366269,3428872893
0,334346849,3093322421,3427984268
0,330267638,3093411145,3423987565
0,332546817,3093391700,3426233784
0,324075986,3093366449,3417736804
0,347593826,3093303523,3441192579
0,326401481,3093384090,3420060878
0,354597013,3093410262,3448310034
0,324340104,3093406658,3418068532
0,319508375,3093348125,3413154467
0,341957266,3093414113,3435726738
0,329638772,3093320766,3423275223
0,354750703,3093338208,3448393128
0,356140084,3093381618,3449817647
0,330862628,3093367834,3424584532
0,337112878,3093382663,3430857544
0,326628308,3093397039,3420315436
0,338603366,3093304600,3432226504
0,338694792,3093423530,3432406659
0,345948967,3093383629,3439632838
0,340672951,3093326645,3434294080
0,334743287,3093318785,3428389992
0,345401216,3093445644,3439119364
0,332621523,3093418751,3426322864
0,327652706,3093431462,3421360453
0,323030052,3093334606,3416658101
0,322294397,3093380216,3415966074
0,338477357,3093388433,3432132977
0,345523697,3093384887,3439195445
0,335030090,3093337022,3428674345
0,345513527,3093382270,3439221368
0,335860109,3093314890,3429443589
0,335208272,3093373723,3428862091
0,337653791,3093389479,3431336511
0,323902186,3093340165,3417533768
0,325097110,3093366506,3418787229
0,338735922,3093372471,3432415194
0,335510887,3093375658,3429174206
0,342014833,3093416958,3435733665
0,343939482,3093551281,3437868163
0,334533362,3093372501,3428212872
0,327571870,3093387369,3421240108
0,340099644,3093338185,3433687121
0,347568580,3093364160,3441205678
0,345295150,3093343338,3438960083
0,328251102,3093366761,3421975004
0,358842267,3093388216,3452507748
0,330725439,3093388184,3424401639
0,337830500,3093330015,3431471606
0,340091080,3093386509,3433789755
0,341909508,3093301533,3435526616
0,354451021,3093366080,3448129649
0,339132319,3093324233,3432778583
0,323834332,3093333686,3417443169
0,336878498,3093306663,3430509517
0,343657799,3093314139,3437246048
0,336582107,3093309236,3430233135
0,330333297,3093359660,3423975699
0,332991584,3093506384,3426858528
0,334770046,3093436358,3428484019
0,334487607,3093329353,3428157950
0,327069244,3093425447,3420775438
0,339081620,3093276292,3432612034
0,321364268,3093370250,3414989350
0,322673338,3093390674,3416339717
0,337006290,3093426408,3430712843
0,324283574,3093314163,3417882608
0,337350680,3093394191,3431047536
0,337924616,3093409201,3431591955
0,357302757,3093357009,3450953745
0,336506209,3093359582,3430168135
0,336794097,3093420702,3430480904
0,327731890,3093370922,3421375612
0,332529894,3093296032,3426183040
0,333629430,3093329835,3427231140
0,339218728,3093350815,3432856338
0,328198885,3093443583,3421955274
0,332751116,3093415387,3426405572
0,346477383,3093397113,3440187321
0,318762733,3093381088,3412406299
0,329620444,3093304298,3423228196
0,323305896,3093323387,3416904957
0,335107667,3093379198,3428757666
0,335942632,3093301291,3429516267
0,333855575,3093346753,3427516636
0,325670120,3093394659,3419347006
0,341344442,3093371614,3434977871
0,329770729,3093398779,3423496949
0,339070722,3093381139,3432797072
0,332180972,3093453146,3426020259
0,330515013,3093421516,3424197425
0,339545257,3093379566,3433217574
0,329953306,3093432853,3423641681
0,348753454,3093430404,3442457816
0,332309784,3093390887,3426027689
0,335086564,3093461774,3428925593
0,343895179,3093352109,3437531031
0,329372768,3093323155,3422990738
0,320145649,3093335798,3413775700
0,325977246,3093347617,3419637745
0,319928549,3093409949,3413644236
0,328082485,3093318537,3421732880
0,329060486,3093373761,3422728793
0,323244417,3093297590,3416821509
0,353057784,3093401957,3446779540
0,332067074,3093431953,3425761237
0,331714863,3093396736,3425420588
0,329247540,3093372667,3422879005
0,334904054,3093414074,3428567894
0,324487709,3093307946,3418093356
0,331829537,3093426482,3425521011
0,320623893,3093371083,3414314931
0,325673407,3093351886,3419336084
0,324489649,3093330168,3418102880
0,330052341,3093385651,3423720497
0,312386525,3093337038,3406093294
0,335465539,3093384404,3429167183
0,328985076,3093411159,3422703025
0,323382741,3093313185,3416974366
0,324113583,3093304592,3417699418
0,337396780,3093395533,3431105520
0,335280339,3093318805,3428877147
0,335673306,3093337756,3429286905
0,335630446,3093297339,3429200191
0,334920172,3093342017,3428537542
0,309065196,3093355866,3402675896
0,327964393,3093303104,3421573936
0,322387025,3093305994,3415979204
0,338383075,3093374540,3432044141
0,336977399,3093378120,3430645287
0,319110281,3093380973,3412784661
0,335491114,3093331305,3429091326
0,331486960,3093408659,3425194206
0,345970533,3093383327,3439663352
0,329539320,3093334714,3423164801
0,329873410,3093440603,3423573023
0,334936254,3093406227,3428632550
0,324772596,3093369072,3418407841
0,341470588,3093277153,3435014148
0,337334560,3098200978,3435851706
0,338407733,3093361834,3432064987
0,322001134,3093383851,3415729644
0,337712830,3093317535,3431330590
0,321192542,3093301862,3414820507
0,337387534,3093340974,3431014404
0,336813748,3093347970,3430440360
0,341408935,3093402335,3435093408
0,336489486,3093374260,3430177349
0,338281405,3093391888,3431959331
0,329238631,3093268743,3422785905
0,327601467,3093416930,3421266888
0,336367009,3093361286,3430051899
0,328902383,3093384299,3422566484
0,327918039,3093363915,3421556225
0,329945228,3093293255,3423517240
0,333171509,3093324475,3426766915
0,322610659,3093419725,3416385721
0,329152544,3093404942,3422865100
0,325425817,3093420709,3419238351
0,329019378,3093369803,3422676499
0,321468337,3093353447,3415101746
0,324765207,3093387008,3418482926
0,325787379,3093341164,3419393637
0,336495545,3093426149,3430169079
0,327807213,3093379383,3421470651
0,334903702,3093302389,3428495234
0,323199917,3093366225,3416879131
0,335096026,3093434159,3428819425
0,340200844,3093351463,3433829607
0,331700434,3093335155,3425352795
0,331500522,3093318074,3425145856
0,331106450,3093380784,3424803344
0,334760868,3093328552,3428401290
0,324812258,3093288769,3418403356
0,338546233,3093390870,3432231388
0,335055156,3093323277,3428663192
0,334159185,3093433213,3427907470
0,342269450,3093302477,3435880467
0,335395707,3093348114,3429007712
0,327893355,3093371155,3421554637
0,334627604,3093352543,3428282126
0,330547117,3093314010,3424161172
0,328197526,3093412624,3421867582
0,336544418,3093393491,3430231489
0,340585163,3093404499,3434310768
0,326552254,3093450973,3420286482
0,331079819,3093372974,3424729440
0,339753642,3093312707,3433344881
0,354348645,3093539779,3448261261
0,341429808,3093296788,3435026152
0,330472609,3093369424,3424118623
0,329759827,3093346400,3423395038
0,337299291,3093338851,3430941344
0,320558048,3093407932,3414239143
0,331832970,3093441564,3425587878
0,326699473,3093430939,3420360579
0,332199255,3093347815,3425858970
0,330070767,3093310663,3423691312
0,335920270,3093504856,3429779778
0,334467608,3093425472,3428269695
0,318763478,3093385449,3412421916
0,336687476,3093325372,3430324165
0,324716467,3093354363,3418357476
0,319068207,3093428363,3412780245
0,328944395,3093321991,3422564896
0,325628795,3093323168,3419297234
0,337115910,3093424154,3430853104
0,329144121,3093357201,3422824714
0,326265211,3093325663,3419932586
0,320797135,3093350431,3414462698
0,335724644,3093305126,3429341892
0,344491863,3093426314,3438208357
0,337084683,3093360099,3430763135
0,325004720,3093383186,3418708365
0,326242211,3093381118,3419885228
0,323829503,3093413981,3417504225
0,328626869,3093395801,3422289065
0,325531695,3093435512,3419269420
0,329053747,3093385839,3422735730
0,332085609,3093406839,3425854168
0,336129134,3093340367,3429750954
0,335335389,3093289165,3428958684
0,322102476,3093326262,3415737945
0,329064275,3093293797,3422627096
0,338160500,3093296191,3431751033
0,334153485,3093357447,3427874059
0,329423849,3093423126,3423166809
0,318186558,3093312671,3411773038
0,332661692,3093336814,3426325265
0,323364524,3093368118,3417094560
0,321008395,3093316982,3414609259
0,326688036,3093397993,3420408274
0,332438371,3093401811,3426111771
0,322080287,3093389398,3415759638
0,335635922,3093393701,3429392522
0,331515272,3093382604,3425173818
0,331672035,3093324207,3425274506
0,323514674,3093381758,3417166473
0,328626839,3093332517,3422263273
0,344120054,3093342963,3437745644
0,332159401,3093369819,3425804413
0,329885186,3093391676,3423542450
0,336656759,3093291667,3430240782
0,338470834,3093384045,3432134434
0,319634436,3093381550,3413291484
0,328210144,3093381849,3421866070
0,327402132,3093426894,3421095668
0,324841671,3093387522,3418509676
0,336687466,3093329173,3430329776
0,328856144,3093379224,3422524899
0,346982938,3093480676,3440852209
0,335340980,3093318623,3428949866
0,331835439,3093402493,3425506596
0,344471831,3093401838,3438176434
0,333506060,3093330490,3427119323
0,335192594,3093283239,3428764245
0,337280441,3093397022,3430998835
0,334893591,3093382992,3428551750
0,332486082,3093315706,3426116473
0,339465770,3093340358,3433120596
0,315794671,3093430895,3409480092
0,324037782,3093321277,3417655040
0,342554326,3093390230,3436208856
0,328342167,3093316017,3421925645
0,327003431,3093318384,3420625398
0,326719316,3093409061,3420425376
0,332203012,3093428693,3425913726
0,330727413,3093481930,3424586847
0,332996279,3093399395,3426717346
0,335462684,3093387817,3429147508
0,329721377,3093429751,3423422163
0,325722108,3093392849,3419390799
0,331579086,3093464924,3425343061
0,315590144,3093313052,3409202673
0,331241653,3093303246,3424856550
0,322182832,3093367819,3415829984
0,323261840,3093398507,3417007822
0,335724096,3093422761,3429425189
0,325959506,3093324172,3419594955
0,329286140,3093324626,3422902751
0,311766170,3093393949,3405443227
0,335012762,3093337047,3428626584
0,336795433,3093405900,3430490373
0,310780843,3093331678,3404411361
0,321788801,3093355136,3415428668
0,334510161,3093366121,3428160971
0,329048326,3093400725,3422736212
0,328182121,3093327106,3421802723
0,327026278,3093332508,3420678398
0,334734622,3093387407,3428420193
0,341394916,3093391276,3435070117
0,323912492,3093371420,3417571037
0,325424960,3093326297,3419042724
0,323686605,3093304750,3417306359
0,334769731,3093349874,3428399437
0,332262645,3093438822,3425982229
0,329015679,3093334050,3422682875
0,321878673,3093379188,3415527162
0,326678113,3093382335,3420316266
0,332086713,3093344665,3425742287
0,350471419,3093355341,3444102938
0,323202636,3093392372,3416888627
0,349940311,3093325531,3443552957
0,329228340,3093419188,3422910918
0,330262565,3093367236,3423893387
0,322218360,3093384106,3415887324
0,332432911,3093389640,3426098186
0,332888177,3093323581,3426514964
0,340357191,3093432298,3434097292
0,328341346,3093357467,3422033563
0,321618321,3093385563,3415286936
0,335924490,3093441928,3429654727
0,338212483,3093330917,3431831829
0,334101014,3093325791,3427702591
0,335527687,3093378732,3429201803
0,336898468,3093398933,3430570184
0,341214701,3093365540,3434859203
0,328576347,3093371582,3422233709
0,326455606,3093322150,3420090431
0,326947855,3093311494,3420589707
0,345002718,3093282530,3438574074
0,328572654,3093324795,3422154797
0,334321635,3093365024,3427954356
0,354191929,3093396521,3447894710
0,331810429,3093383127,3425495126
0,336237557,3093397858,3429942789
0,341624378,3093483383,3435463476
0,327869189,3093371347,3421562790
0,333600265,3093419079,3427309222
0,314569840,3093303238,3408154657
0,334953040,3093295353,3428510889
0,318956816,3093390428,3412639185
0,332947926,3093423080,3426667398
0,330492914,3093271461,3424056950
0,325023603,3093380013,3418675515
0,326565907,3093301779,3420157212
0,345426636,3093426421,3439165313
0,329600308,3093415228,3423350856
0,324999370,3093270682,3418553544
0,327959768,3093336004,3421565449
0,346414890,3093414292,3440159783
0,333703384,3093382246,3427403989
0,323786051,3093336482,3417435877
0,327813926,3093298115,3421398421
0,320908608,3093290472,3414486613
0,325302881,3093394845,3418985584
0,328005389,3093305874,3421571821
0,319746337,3093334566,3413389602
0,335858475,3093454417,3429607486
0,337080660,3093406396,3430804410
0,324535125,3093276647,3418087397
0,318545488,3093420383,3412225731
0,330027402,3093375134,3423683772
0,336831144,3093411269,3430582302
0,337605639,3093382386,3431263000
0,335997615,3093351043,3429656318
0,326607421,3093342047,3420246943
0,334506599,3093451094,3428266089
0,331032286,3093310976,3424637449
0,336201806,3093367306,3429891901
0,331731341,3093316704,3425319377
0,319757991,3093322984,3413375924
0,323961584,3093347320,3417617506
0,328715599,3093398600,3422431141
0,344889990,3093325886,3438506646
0,330969175,3093327700,3424574085
0,319952571,3093381249,3413652761
0,342528562,3093316489,3436128205
0,321916434,3093299572,3415471352
0,336050393,3093398731,3429742529
0,336505944,3093411811,3430288966
0,334061288,3093347660,3427671013
0,333084508,3093349444,3426722988
0,343013630,3093283408,3436588879
0,337978216,3093418062,3431667312
0,334781867,3093376306,3428431284
0,330924824,3093394663,3424613197
0,341353679,3093283671,3434929859
0,343166597,3093293453,3436733160
0,342908828,3093384505,3436553026
0,340672036,3093379547,3434381090
0,335620988,3093376986,3429276878
0,331061820,3093368008,3424731038
0,334140499,3093376721,3427793931
0,321577701,3093342507,3415227103
0,337857323,3093358671,3431526338
0,328368105,3093318850,3421946856
0,325384177,3093319999,3418992783
0,341656949,3093304203,3435230931
0,339739103,3093417671,3433433420
0,329017980,3093415776,3422703421
0,341786184,3093295489,3435368778
0,325716823,3093387284,3419352335
0,333964987,3093435860,3427677602
0,330753220,3093309587,3424336904
0,342486295,3093376679,3436179159
0,337300505,3093301550,3430885127
0,345987397,3093412964,3439708192
0,333071798,3093371180,3426752610
0,330736179,3093328728,3424346528
0,342921301,3093406269,3436642685
0,331021785,3093440026,3424729175
0,327511642,3093316715,3421128304
0,338246434,3093409474,3431947635
0,339648225,3093374318,3433278978
0,344345465,3093484735,3438192361
0,352607943,3093360426,3446277226
0,340530239,3093416588,3434250380
0,319831423,3093467749,3413669563
0,331066315,3093397567,3424773556
0,342284343,3093367581,3435901864
0,347678106,3093349806,3441314688
0,333487736,3093380536,3427132987
0,335878986,3093291994,3429499448
0,327898625,3093313433,3421504999
0,340539788,3093342221,3434162278
0,338052872,3093310692,3431631135
0,340474533,3093397871,3434186524
0,327405267,3093442570,3421235833
0,323481406,3093313046,3417086576
0,322131967,3093382181,3415800889
0,335715521,3093385599,3429391919
0,347750877,3093525285,3441640815
0,320887139,3093398176,3414564812
0,331757712,3093399030,3425457978
0,340347946,3093324755,3433994014
0,325721701,3093309272,3419325947
0,341001851,3093297502,3434581336
0,340107039,3093427997,3433823028
0,335105419,3093300801,3428701976
0,338726715,3093391297,3432436195
0,342211262,3093346583,3435837198
0,340522128,3093333795,3434186882
0,320960648,3093384010,3414634459
0,332804482,3093413161,3426501641
0,330321943,3093457451,3424166208
0,329519286,3093383110,3423329201
0,320103130,3093352635,3413730819
0,336050946,3093371350,3429707895
0,327317410,3093302185,3420916760
0,331341433,3093324922,3424977805
0,331578876,3093371548,3425245893
0,327287784,3093314949,3420888523
0,346142763,3093447299,3439878658
0,327538281,3093314092,3421152691
0,335867174,3093439306,3429610660
0,338691491,3093415051,3432401251
0,332027398,3093415326,3425749350
0,344933097,3093412900,3438640435
0,325348628,3093344915,3418979653
0,326774558,3093378260,3420436856
0,351838195,3093403176,3445510400
0,326177884,3093430868,3419924626
0,325383238,3093316643,3419023876
0,338652756,3093311866,3432278694
0,322210928,3093426527,3415944429
0,329362653,3093321244,3422993774
0,345616280,3093327842,3439262464
