360625719,306074157,3093257475,3760034511
814751040,324508414,3093310699,4232636942
883050241,322517107,3093226313,4298844597
1245919345,318785517,3093394627,4658175156
628312251,326651495,3093359652,4048420846
1018031283,314084079,3093365208,4425550296
925369499,326055551,3093259677,4344755541
503320217,315101488,3093368735,3911862507
1249206614,317902184,3093274890,4660438799
1271229165,322311958,3093302159,4686895456
716182956,315861931,3093303795,4125408199
403993922,327722602,3093347455,3825125519
1944166829,321507252,3093248012,5358987249
741669048,322859623,3093263710,4157868287
1044550711,327962967,3093360143,4465938740
759302854,329966429,3093279609,4182625398
934040850,311285934,3093286944,4338672083
1004702129,308944587,3093281147,4406970868
890697593,318630486,3093295110,4302698940
974339615,332423038,3093260678,4400076743
856078810,320506243,3093309218,4269951735
877893093,319163291,3093379058,4290515961
559991421,312279524,3093328452,3965670433
618204280,317757271,3093340956,4029359471
564803944,334129254,3093269999,3992286530
696761184,320001573,3093346082,4110167426
710965356,320749462,3093292696,4125070073
605391963,322627535,3093300332,4021383812
1452071134,305972282,3093283527,4851384766
1006093592,311256518,3093325135,4410730788
1197073663,327665760,3093244670,4618068784
1067808926,323246631,3093359312,4484481872
931331450,307827630,3093360305,4332575655
783506635,310989880,3093280140,4187842810
977884235,321148439,3093288244,4392383335
374302208,332695710,3093344183,3800396485
761653997,322566251,3093252894,4177531566
390577973,304710631,3093375517,3788737437
1041803143,324500319,3093237793,4459624305
567435022,314654527,3093239312,3975388027
1429980245,316783869,3093299015,4840121450
1071069149,333963668,3093259195,4498372841
683360204,319805708,3093251980,4096501335
557297682,315816193,3093296071,3966479491
743685694,320605379,3093353448,4157703305
1104220931,317417504,3093259560,4514965860
732366692,325848389,3093332424,4151599522
878444267,327327086,3093351025,4299184456
592734761,319772163,3093345533,4005908550
1334302660,322508036,3093296100,4750168589
721004355,315785406,3093290706,4130150483
694391258,319429031,3093273023,4107148839
1006349587,323860827,3093286886,4423594393
744859117,306672646,3093261838,4144872267
728205269,334576607,3093288335,4156136041
962740855,311742821,3093154355,4367725625
910604719,322803734,3093374495,4326869571
1089040757,311146128,3093308682,4493557401
1001261343,327503853,3093355837,4422180018
410304351,321501478,3093350590,3825214148
915942462,322241176,3093247426,4331485972
519267136,312078448,3093306652,3924714855
510249058,316502563,3093348087,3920158761
499532547,307855461,3093274470,3900754304
