0,332619223,3093397451,3426296600
0,330175365,3093331186,3423833137
0,321132975,3093291750,3414731878
0,336139410,3093392681,3429856175
0,338170514,3093432060,3431888363
0,334248716,3093364651,3427887541
0,329138432,3093359389,3422796607
0,324098135,3093335284,3417744412
0,336658064,3093394638,3430354934
0,330064082,3093336861,3423700219
0,320750160,3093365442,3414408479
0,329711587,3093410121,3423426889
0,318037408,3093351612,3411691005
0,336071761,3093385560,3429766048
0,336557473,3093367452,3430246868
0,347533374,3093312751,3441162760
0,334195863,3093407347,3427889900
0,330161545,3093441784,3423913761
0,341924658,3093311699,3435528135
0,326742804,3093394630,3420446304
0,329845036,3093297432,3423410545
0,329926380,3093383420,3423598849
0,310910508,3093298634,3404537218
0,317550954,3093350900,3411168328
0,322325669,3093322009,3415975219
0,330713997,3093322920,3424353923
0,344465266,3093351307,3438127285
0,331305943,3093383158,3425005605
0,311415219,3093390907,3405073842
0,325862094,3093291252,3419452403
0,336194699,3093342728,3429833070
0,329619027,3093323711,3423211518
0,321882086,3093449343,3415606147
0,312175377,3093396992,3405892297
0,335156708,3093283355,3428742197
0,331349659,3093384405,3425028776
0,320431865,3093393748,3414131938
0,321402514,3093398927,3415083945
0,333308049,3093307145,3426903618
0,315043082,3093354598,3408693896
0,331283696,3093419122,3425002264
0,324034584,3093455015,3417923369
0,334071470,3093317735,3427682348
0,310846137,3093403155,3404523347
0,335467929,3093337990,3429114693
0,318381384,3093301390,3411979660
0,341062686,3093444481,3434827297
0,336641889,3093333076,3430299658
0,334840581,3093350354,3428503125
0,324555971,3093437514,3418311434
0,327921675,3093377197,3421630869
0,329111943,3093392293,3422780012
0,330583641,3093325089,3424189065
0,314172252,3093294297,3407775812
0,331976244,3093390328,3425695145
0,323508267,3093316054,3417122164
0,327467580,3093370804,3421154903
0,321474752,3093334099,3415102631
0,324442817,3093412487,3418149638
0,327501679,3093415950,3421215507
0,336777910,3093276322,3430358561
0,330960893,3093382049,3424625366
0,318778494,3093295767,3412391581
0,345184373,3093306692,3438844095
0,314128673,3093356657,3407861875
0,328313915,3093289223,3421933223
0,322980155,3093320455,3416620060
0,329829797,3093380080,3423500097
0,327732627,3093330745,3421336600
0,334276380,3093321515,3427871638
0,334066852,3093418136,3427788010
0,333656393,3093376631,3427336316
0,339889976,3093398626,3433664804
0,337935691,3093344406,3431623251
0,319094494,3093340987,3412755583
0,340667425,3093308371,3434290656
0,322089780,3093319274,3415681455
0,330281842,3093341096,3423915465
0,317076360,3093391951,3410783501
0,343003860,3093430696,3436725696
0,302609812,3093326613,3396232824
0,327567593,3093383235,3421265173
0,346148079,3093392158,3439871469
0,331872409,3093384716,3425557391
0,336074205,3093324069,3429712249
0,327362387,3093343081,3420984805
0,318382717,3093307334,3411985901
0,327077027,3093323660,3420693285
0,331737739,3093440014,3425456042
0,326722268,3093329948,3420417550
0,336714586,3093372884,3430389654
0,323642677,3093395660,3417319830
0,328330229,3093294570,3421931483
0,317422123,3093396196,3411120054
0,328981841,3093293727,3422566122
0,325060082,3093310652,3418665423
0,322758657,3093392352,3416434205
0,336069987,3093375621,3429779915
0,346433515,3093382962,3440130395
0,317411931,3093404381,3411134073
0,331641149,3093444634,3425373954
0,330096697,3093386110,3423796567
0,326526379,3093447509,3420354744
0,333465226,3093483183,3427320840
0,331308847,3093308262,3424921395
0,328677341,3093340674,3422327553
0,309618738,3093354940,3403281046
0,334804881,3093422182,3428514013
0,323288856,3093383265,3416965738
0,343533553,3093330440,3437140428
0,333205184,3093334634,3426825102
0,324845078,3093360101,3418508878
0,327330705,3093396212,3421043891
0,316992749,3093433115,3410751516
0,329597628,3093388577,3423298566
0,325840634,3093383732,3419501448
0,321672945,3093343017,3415301682
0,320465093,3093383703,3414135717
0,315986676,3093383671,3409660729
0,328873459,3093444419,3422634360
0,330676491,3093382382,3424336942
0,328998257,3093378162,3422909795
0,313911928,3093390110,3407605133
0,342237859,3093384722,3435941675
0,329265277,3093302665,3422857753
0,328600265,3093481437,3422454598
0,331368140,3093343733,3425059655
0,329340134,3093336362,3422995152
0,329147276,3093495057,3422999657
0,322938034,3093344365,3416576309
0,332637378,3093327450,3426256004
0,320831298,3093310579,3414460156
0,324771135,3093341007,3418438462
0,340652521,3093403613,3434350114
0,328520436,3093317536,3422141181
0,335574696,3093421349,3429273947
0,323305636,3093328829,3416974504
0,336742730,3093433587,3430491289
0,331167156,3093302153,3424745150
0,322354048,3093388862,3416037577
0,314736051,3093315475,3408331184
0,314073353,3093441898,3407822884
0,319922872,3093280301,3413499025
0,322580601,3093298168,3416171483
0,329194799,3093282068,3422792404
0,315920570,3093342407,3409569764
0,312386416,3093307464,3405947119
0,356138280,3093341566,3449733254
0,319336688,3093353306,3412967048
0,322372433,3093393860,3416052712
0,328494898,3093370751,3422145287
0,339406195,3093440049,3433124405
0,326502360,3093292013,3420102404
0,329880055,3093343263,3423518311
0,327402767,3093423824,3421099354
0,328523340,3093399651,3422201927
0,338727578,3093398113,3432428996
0,329764828,3093325860,3423371550
0,320333508,3093247269,3413890293
0,304571822,3093396304,3398249426
0,329378231,3093429831,3423065429
0,328971869,3093307318,3422644270
0,308724253,3093320003,3402358452
0,322169374,3093340880,3415820987
0,323639714,3093492626,3417493740
0,321029252,3093369634,3414713712
0,329890878,3093375456,3423634861
0,327494702,3093372174,3421148761
0,334835915,3093403895,3428543776
0,324513311,3093385717,3418188767
0,334362762,3093317890,3428043040
0,341068566,3093416269,3434809851
0,320590560,3093418425,3414310891
0,326793840,3093342606,3420450916
0,324386494,3093322270,3418028931
0,327008484,3093309085,3420644322
0,325896833,3093403537,3419670519
0,329562428,3093368591,3423238199
0,331902771,3093341651,3425536153
0,318964776,3093266599,3412539224
0,327383849,3093394361,3421077626
0,325929375,3093325478,3419533864
0,320671623,3093386049,3414356950
0,316314542,3093379511,3409993793
0,326765990,3093361679,3420468776
0,336384648,3093425762,3430094341
0,324915614,3093432429,3418634554
0,329304845,3093315846,3422888784
0,321729208,3093419434,3415471338
0,348149226,3093420392,3441874610
0,350306122,3093315104,3443890099
0,324689202,3093338870,3418680362
0,342459119,3093418557,3436162946
0,342749129,3093282945,3436313103
0,316959059,3093364942,3410640136
0,316506900,3093413475,3410204314
0,331413450,3093397405,3425112569
0,317222810,3093331688,3410829205
0,325672406,3093405394,3419393968
0,314046307,3093346731,3407695663
0,322033083,3093356956,3415680295
0,326199818,3093403587,3419910559
0,336426160,3093396222,3430189642
0,332648624,3093326743,3426299359
0,323896300,3093387240,3417553653
0,321863452,3093345068,3415492065
0,328400446,3093363022,3422054109
0,335487952,3093316392,3429082715
0,327755541,3093433836,3421474812
0,333256222,3093310010,3426854903
0,332689682,3093388660,3426382208
0,333586379,3093311932,3427185921
0,334072992,3093345777,3427723096
0,325640640,3093397884,3419358039
0,312818603,3093318580,3406434745
0,323534162,3093329541,3417184522
0,314841959,3093400600,3408478985
0,318971455,3093419544,3412769864
0,327266862,3093359803,3420982756
0,336703633,3093431914,3430422111
0,330521625,3093291615,3424093072
0,308103451,3093388014,3401808095
0,341994368,3093326921,3435663367
0,325563397,3093380943,3419227167
0,320845644,3093393719,3414511974
0,323347460,3093434226,3417073811
0,313978957,3093386095,3407661105
0,329069642,3093363312,3422714099
0,328052995,3093414030,3421776256
0,327264162,3093278995,3420841296
0,333368754,3093394529,3427053324
0,327272160,3093410345,3420965506
0,307425746,3093313322,3401055122
0,332832125,3093331951,3426436508
0,331338873,3093328303,3424947363
0,336422764,3093336105,3430053921
0,347414276,3093445834,3441181436
0,330945687,3093372707,3424615801
0,329048818,3093328189,3422690518
0,324162102,3093309734,3417781272
0,325097473,3093376030,3418783995
0,334791878,3093412448,3428580601
0,13667701450,3093333573,16761335991
0,337385517,3093311358,3431002314
0,337208969,3093396911,3430980077
0,351931613,3093422245,3445643666
0,314968463,3093291743,3408576118
0,326063937,3093336753,3419759451
0,351037130,3093351417,3444682614
0,337572334,3093329055,3431194786
0,330326739,3093392804,3424011504
0,328748808,3093329425,3422369999
0,347561405,3093384424,3441256339
0,327240699,3093341458,3420842484
0,334345054,3093294575,3427954890
0,343560514,3093298970,3437179822
0,331834626,3093315482,3425461350
0,311469172,3093418379,3405189549
0,325259327,3093347618,3418889832
0,332355367,3093427273,3426086961
0,334652812,3093359333,3428336531
0,326900294,3093305276,3420507815
0,337286562,3093300693,3430868563
0,312800261,3093358481,3406498705
0,339531902,3093295495,3433119452
0,326526523,3093377827,3420255272
0,335237348,3093395105,3428944269
0,337560891,3093326729,3431194910
0,334782376,3093419408,3428517874
0,343064941,3093307496,3436705205
0,321860692,3093339618,3415522364
0,327362265,3093406189,3421057948
0,331191585,3093306471,3424816092
0,339692489,3093311879,3433360074
0,343658139,3093383297,3437371905
0,326936914,3093312614,3420528375
0,335267697,3093351419,3428926368
0,319800471,3093311081,3413386788
0,332748064,3093353422,3426351694
0,337814454,3093410629,3431525825
0,347021574,3093317432,3440658249
0,339356918,3093493406,3433143384
0,317048704,3093320187,3410688176
0,330030340,3093387988,3423730861
0,331546943,3093422613,3425311107
0,320135653,3093382091,3413801482
0,304516241,3093396490,3398218357
0,332223384,3093392031,3425942718
0,333167771,3093405783,3426968243
0,334196348,3093326035,3427806803
0,333879549,3093429463,3427617162
0,317876210,3093363788,3411542808
0,335142427,3093373753,3428822766
0,341766382,3093375171,3435445940
0,320723875,3093405713,3414432156
0,328980036,3093272563,3422551373
0,348114639,3093313177,3441793996
0,324519346,3093335995,3418170818
0,337674819,3093312134,3431282113
0,337900211,3093435397,3431647321
0,327636351,3093387918,3421328051
0,330754459,3093423318,3424446565
0,341122128,3093373443,3434781555
0,330706205,3093311337,3424300276
0,320015884,3093401072,3413678336
0,342014641,3093425235,3435719105
0,316724512,3093306888,3410301923
0,331351391,3093412547,3425031442
0,349857871,3093308518,3443440089
0,328311483,3093405107,3421984562
0,343235045,3093343069,3436927671
0,340206321,3093400331,3433991930
0,340966537,3093432489,3434713062
0,337098216,3093392765,3430807472
0,340890505,3093312262,3434528937
0,337933094,3093345530,3431556315
0,314198733,3093326970,3407794164
0,326293358,3093357040,3419906153
0,329979624,3093425356,3423789489
0,337183956,3093347909,3430824250
0,334075089,3093316300,3427684370
0,321234151,3093363196,3414934821
0,335424016,3093292798,3429010044
0,332058463,3093381052,3425750852
0,317655216,3093314251,3411269271
0,345574959,3093394696,3439249292
0,339108504,3093335101,3432736912
0,344481783,3093449199,3438242695
0,322619132,3093396841,3416297326
0,338396530,3093416054,3432111549
0,345428156,3093376211,3439119817
0,346151897,3093378128,3439909451
0,318916185,3093412897,3412600039
0,330869453,3093298758,3424477961
0,325231833,3093328121,3418828018
0,334608329,3093366030,3428344219
0,346257934,3093435803,3439974024
0,324031179,3093427916,3417731865
0,318014616,3093368172,3411697322
0,341231817,3093421248,3434935825
0,334491905,3093309201,3428097993
0,323157871,3093430510,3416869159
0,331468347,3093373905,3425153737
0,326579744,3093391368,3420243967
0,342327351,3093379878,3436036614
0,347336238,3093425873,3441082219
0,345777480,3093379076,3439461074
0,345317925,3093335210,3438995564
0,342215036,3093440926,3435952704
0,325484324,3093272502,3419058517
0,318062690,3093338843,3411669560
0,320833639,3093281494,3414421134
0,324009913,3093301053,3417622294
0,318304731,3093312632,3411924101
0,328293928,3093307845,3421888996
0,322686571,3093424996,3416520836
0,350559143,3093394141,3444297232
0,322585573,3093370733,3416264125
0,326296509,3093397340,3419955712
0,343773709,3093387099,3437439905
0,337110217,3093344887,3430777895
0,345470069,3093293396,3439085044
0,326297861,3093315679,3419932848
0,335663088,3093356363,3429284852
0,314353058,3093285259,3407930278
0,340761355,3093296409,3434364378
0,342675416,3093344411,3436285272
0,336055965,3093350152,3429722069
0,346822148,3093374506,3440510145
0,322080004,3093319233,3415707255
0,329216962,3093333758,3422868417
0,324362689,3093369094,3418046374
0,341445184,3093380875,3435113362
0,329058087,3093348210,3422691214
0,337943426,3093317185,3431552819
0,335730186,3093318233,3429337779
0,322753041,3093411921,3416468935
0,329404476,3093427454,3423117061
0,329647700,3093432144,3423484025
0,328566925,3093323559,3422202692
0,330632150,3093310110,3424228814
0,334164878,3093295504,3427790187
0,333061408,3093316644,3426650775
0,317046879,3093438621,3410793476
0,317159877,3093380843,3410828189
0,334290236,3093389227,3428012672
0,344526314,3093382475,3438199133
0,335445369,3093420573,3429168864
0,349842595,3093318275,3443482108
0,354923261,3093352858,3448568853
0,333365297,3093282539,3426912560
0,326255837,3093369020,3419945344
0,332626258,3093295087,3426203607
0,331278648,3093319162,3424879680
0,323647223,3093285726,3417243656
0,325199682,3093335492,3418800446
0,344407823,3093408185,3438134522
0,338565061,3093431992,3432273390
0,351361607,3093392086,3445055968
0,321704765,3093417878,3415408725
0,343604124,3093377244,3437298297
0,341757230,3093328341,3435401789
0,323130405,3093382350,3416806904
0,325996498,3093317692,3419632686
0,344985608,3093339629,3438648271
0,322243851,3093317802,3415826929
0,331973561,3093315997,3425593048
0,336564365,3093303990,3430178217
0,325878983,3093336972,3419495207
0,334711237,3093428818,3428442165
0,313492794,3093375160,3407187749
0,318652597,3093350222,3412365307
0,345376153,3093306760,3438981676
0,344546182,3093336048,3438160097
0,318750379,3093325569,3412368028
0,321278375,3093361203,3414905616
0,345162066,3093330094,3438789762
0,328613785,3093372538,3422266776
0,342928358,3093314591,3436529686
0,339883311,3093289919,3433481322
0,340165661,3093412975,3433900163
0,328453403,3093360003,3422085946
0,329299897,3093378822,3422975491
0,335100893,3093404220,3428789937
0,336224543,3093386857,3429930045
0,329817335,3093325395,3423448289
0,317294540,3093309311,3410887561
0,332276118,3093306984,3425890190
0,326602739,3093343791,3420193227
0,328039479,3093402736,3421744171
0,334887278,3093482257,3428721761
0,336889724,3093382947,3430602352
0,323191514,3093317065,3416785924
0,330971455,3093333355,3424621770
0,333682699,3093362532,3427326809
0,324468513,3093332473,3418116964
0,324485790,3093405224,3418218224
0,332313628,3093314238,3425946386
0,329312271,3093356837,3422951259
0,329283798,3093375294,3422956192
0,335097533,3093344143,3428742639
0,335895013,3093289747,3429501969
0,341141319,3093388067,3434833277
0,335801232,3093409103,3429501170
0,316702059,3093426859,3410465589
0,340186132,3093348736,3433842179
0,331732918,3093405147,3425425569
0,316519427,3093320271,3410126635
0,334125551,3093309714,3427709198
0,337005690,3093445000,3430730785
0,338964619,3093353916,3432600767
0,336714230,3093357919,3430358816
0,334592076,3093370412,3428337251
0,321438835,3093282704,3415024976
0,313807562,3093378319,3407461114
0,338671215,3093287861,3432249351
0,345361614,3093316951,3438986371
0,337384972,3093401936,3431103467
0,333605587,3093390617,3427279128
0,338865168,3093406521,3432727099
0,327748175,3093319515,3421383114
0,335254595,3093343158,3428864778
0,338362263,3093390883,3432045667
0,336376660,3093386942,3430044328
0,328710785,3093344396,3422330171
0,342928851,3093406263,3436652477
0,344481995,3093407368,3438175025
0,332159384,3093388951,3425818339
0,330690871,3093392582,3424361735
0,319232955,3093462098,3413012625
0,330406034,3093340138,3424065599
0,325738334,3093397619,3419437082
0,341593944,3093532889,3435444166
0,335651271,3093393233,3429357375
0,341124530,3093346587,3434807695
0,343058831,3093326721,3436668232
0,350145971,3093395641,3443868936
0,339615950,3093370442,3433311845
0,332563326,3093329265,3426175297
0,329173535,3093339090,3422794203
0,335033802,3093348032,3428715051
0,331262205,3093381275,3424951135
0,331372108,3093396631,3425072830
0,339439392,3093392112,3433102795
0,319653364,3093384936,3413318750
0,331679230,3093381426,3425373100
0,344892415,3093315098,3438499843
0,348380804,3093380951,3442075259
0,324415772,3093424558,3418112800
0,338850913,3093327759,3432473760
0,325011647,3093370732,3418678450
0,335000609,3093317573,3428583229
0,312861145,3093413355,3406596069
0,338269043,3093278763,3431829776
0,342780206,3093342768,3436464328
0,336143778,3093317102,3429740807
0,345309365,3093332001,3438985110
0,336845829,3093396275,3430516926
0,348721304,3093312017,3442320528
0,308780722,3093367224,3402429893
0,345412426,3093323759,3439123894
0,320558783,3093270344,3414136795
0,323438369,3093302015,3416993600
0,318493686,3093429498,3412247452
0,330150239,3093322025,3423757404
0,331404636,3093346211,3425035575
0,343844539,3093381500,3437538719
0,339303280,3093392635,3432973604
0,318597309,3093364100,3412278710
0,337325491,3093385003,3431116766
0,323537153,3093423773,3417246739
0,304267806,3093430980,3397942322
0,317940745,3093258811,3411515135
0,327831780,3093303306,3421417531
0,320068662,3093411245,3413765773
0,320444887,3093277959,3414015833
0,344856628,3093377176,3438522525
0,322625911,3093344979,3416262379
0,331191417,3093298804,3424800306
0,335135506,3093395890,3428855457
0,338082244,3093406765,3431824248
0,335288511,3093429369,3429015355
0,306864738,3093335694,3400498982
0,337611932,3093390536,3431301195
0,330856072,3093421715,3424640821
0,329595634,3093325073,3423218803
0,327675944,3093404779,3421311143
0,324338406,3093403772,3418014957
0,332888981,3093466655,3426693414
0,340021557,3093331353,3433679467
0,324312956,3093310473,3417897195
0,335768152,3093441608,3429500212
0,328578301,3093394355,3422254124
0,316431202,3093307516,3410027762
0,318941483,3093327879,3412558299
0,341313092,3093339047,3434957683
0,334274378,3093300063,3427896975
0,337950571,3093449742,3431682771
0,333702751,3093441618,3427428634
0,329773045,3093393163,3423465863
0,331960686,3093415389,3425702058
0,319821906,3093366305,3413467188
0,310282493,3093318425,3403891705
0,335853549,3093373929,3429534378
0,321628596,3093318026,3415268192
0,320504777,3093400222,3414237638
0,329597711,3093404310,3423297963
0,326584283,3093314749,3420222264
0,329162564,3093498578,3423060124
0,336931450,3093320531,3430565965
0,343581270,3093270894,3437170284
0,331613255,3093283146,3425213374
0,325220258,3093367178,3418896642
0,341944484,3093368814,3435638836
0,317628571,3093353325,3411256347
0,333307946,3093301739,3426912095
0,334509339,3093416917,3428169875
0,333213763,3093407759,3426899199
0,317520090,3093385968,3411218989
0,352775329,3093308449,3446418197
0,324869095,3093302722,3418488134
0,335013670,3093282831,3428577446
0,311213078,3093431708,3405015386
0,307785936,3093300407,3401389378
0,321236026,3093315560,3414827003
0,326341277,3093353043,3420016076
0,333302845,3093384640,3427030508
0,347774306,3093398057,3441516191
0,327751113,3093306995,3421385487
0,321666056,3093339645,3415276665
0,345059240,3093394204,3438773628
0,314881856,3093367867,3408638642
0,326292139,3093359446,3419935841
0,324274586,3093412593,3417957514
0,336385440,3093304358,3429969098
0,339566783,3093362480,3433282209
0,336592256,3093356738,3430237016
0,331763569,3093387521,3425434965
0,310296513,3093344167,3403965144
0,342787546,3093375819,3436489748
0,333981982,3093417461,3427720661
0,343492521,3093387193,3437187055
0,324438109,3093342047,3418106252
0,328300912,3093335969,3421939168
0,331918634,3093376971,3425582584
0,345279072,3093427995,3439011109
0,337477057,3093344089,3431088059
0,334138135,3093338566,3427769318
0,343210507,3093284558,3436814225
0,338077842,3093339412,3431739680
0,325101844,3093422918,3418808178
0,333481577,3093395863,3427191749
0,338734172,3093333249,3432358340
0,337668571,3093370485,3431318948
0,328681854,3093297165,3422259253
0,345529222,3093302483,3439123595
0,324344964,3093332287,3417940419
0,333523878,3093327776,3427131120
0,320976399,3093385045,3414640173
0,330211254,3093404774,3423906779
0,322589562,3093317163,3416201574
0,316006646,3093387268,3409671083
0,336263480,3093296912,3429837937
0,331639680,3093324260,3425282528
0,333069381,3093360609,3426723415
0,317042705,3093436018,3410856282
0,341149647,3093389777,3434859017
0,330590556,3093301298,3424194573
0,343259342,3093333479,3436907652
0,343046186,3093333124,3436697190
0,323058091,3093296058,3416657939
0,338810653,3093410095,3432537565
0,336449227,3093448587,3430226477
0,330235159,3093425475,3423950510
0,330678387,3093383670,3424362937
0,340305084,3093436943,3434030160
0,328343901,3093412673,3422047523
0,327607864,3093295010,3421200827
0,328498415,3093375617,3422140137
0,327236818,3093327722,3420821373
0,330246665,3093316743,3423869727
0,316535465,3093365089,3410191177
0,347446291,3093293230,3441044857
0,337025807,3093405722,3430763311
0,335529853,3093309429,3429174130
0,326813324,3093410025,3420548594
0,317548276,3093378697,3411223284
0,327048967,3093280407,3420647315
0,331816286,3093296160,3425389912
0,322966257,3093299858,3416549356
0,348386063,3093419648,3442123983
0,326956115,3093317104,3420586090
0,345029332,3093287300,3438648678
0,347896880,3093282813,3441538849
0,327647960,3093316406,3421250296
0,326492820,3093348657,3420144209
0,338286339,3093384558,3431967706
0,319224104,3093317255,3412814356
0,343978125,3093318246,3437609809
0,332563731,3093490982,3426428746
0,333938634,3093388694,3427647952
0,318976554,3093347633,3412653832
0,333559542,3093388174,3427241880
0,322805970,3093444825,3416548526
0,320361622,3093423117,3414092761
0,328590619,3093416379,3422299281
0,331075430,3093442450,3424807081
0,324023580,3093451753,3417845959
0,318314460,3093466993,3412076497
0,326257657,3093394473,3420011440
0,331033954,3093331452,3424645647
0,325184334,3093282736,3418746761
0,313641044,3093387001,3407326651
0,331518707,3093300700,3425172619
0,314656720,3093424244,3408386698
0,327238009,3093410491,3420940355
0,324215835,3093505003,3417996729
0,330202527,3093507836,3424033035
0,336208542,3093513961,3430012552
0,322511128,3093402428,3416180460
0,324782358,3093406592,3418457474
0,313540163,3093527192,3407419870
0,337782970,3093411202,3431464844
0,338099258,3093499148,3431931818
0,313557809,3093382350,3407273557
0,343691176,3093400787,3437357786
0,328944402,3093328926,3422582938
0,335790932,3093387164,3429481857
0,324967203,3093450015,3418732638
0,337936384,3093346017,3431608822
0,341029977,3093466868,3434878306
0,315918286,3093449600,3409669206
0,329650627,3093316488,3423246240
0,339994493,3093431379,3433700509
0,322470742,3093409467,3416184786
0,342258342,3093415822,3436005094
0,340103718,3093386703,3433776156
0,338594007,3093340097,3432248514
0,339443170,3093414210,3433135669
0,335296565,3093305233,3428921050
0,326974918,3093413039,3420685886
0,324722278,3093364536,3418372432
0,320424297,3093433979,3414185496
0,319089431,3093425631,3412808011
0,342198624,3093438979,3435903676
0,342822542,3093432992,3436565240
0,343632460,3093411602,3437328866
0,316755826,3093331472,3410365800
0,327336255,3093423659,3421027830
0,331816605,3093363404,3425505869
0,340374895,3093393558,3434101301
0,333879438,3093323330,3427580761
0,328096321,3093338682,3421735315
0,333556149,3093370237,3427213625
0,328574631,3093403005,3422246688
0,326353653,3093402297,3420032988
0,321995113,3093381609,3415683385
0,330207375,3093321069,3423817306
0,334777329,3093416331,3428478332
0,334542676,3093399631,3428278902
0,343386363,3093366956,3437043563
0,329453802,3093445036,3423204956
0,329941945,3093429548,3423694484
0,341100419,3093449984,3434871634
0,346750553,3093365693,3440425632
0,324783691,3093396246,3418488962
0,341900047,3093365035,3435513882
0,330919227,3093416716,3424648075
0,333472064,3093394336,3427154453
0,333963115,3093423040,3427684205
0,315867358,3093301183,3409482827
0,340850454,3093428861,3434574327
0,350384633,3093479463,3444282373
0,332434397,3093338258,3426091697
0,335742011,3093326062,3429382440
0,324066828,3093383423,3417740035
0,332639462,3093378660,3426331413
0,337494020,3093298342,3431140901
0,328705462,3093398619,3422428048
0,321428889,3093367686,3415089036
0,341207521,3093438519,3434986837
0,327934072,3093338893,3421590969
0,333421772,3093299903,3427015442
0,318789070,3093308648,3412431695
0,338690627,3093301697,3432267100
0,334010516,3093309987,3427647549
0,329142610,3093368435,3422841543
0,338790699,3093370225,3432479719
0,327764342,3093302393,3421368692
0,347703016,3093395816,3441457911
0,318026311,3093282922,3411603451
0,339392116,3093412508,3433127302
0,317200811,3093407637,3410933024
0,330789916,3093396892,3424471840
0,329652020,3093320513,3423333162
0,339601798,3093409633,3433299011
0,333573955,3093387782,3427256894
0,323731821,3093390861,3417414822
0,333731526,3093338034,3427385513
0,326569407,3093326200,3420212275
0,319106312,3093287415,3412688637
0,336040520,3093311953,3429669917
0,327294110,3093348562,3420929284
0,314214414,3093309117,3407830479
0,328403057,3093320193,3422030814
0,348398479,3093348359,3442076086
0,327504536,3093317497,3421133874
0,341848453,3093376426,3435547682
0,342727811,3093345246,3436353479
0,352646717,3093292203,3446240870
0,322787607,3093389976,3416487208
0,328592553,3093273536,3422187502
0,318987391,3093346487,3412627264
0,321915076,3093327771,3415598779
0,327836377,3093371700,3421503721
0,323489837,3093333741,3417050368
0,331051518,3093391599,3424766106
0,330668422,3093414455,3424353196
0,336526235,3093381076,3430303591
0,327134306,3093355707,3420796780
0,318421032,3093301282,3412038219
0,325376288,3093374600,3419009182
0,333773167,3093419425,3427495384
0,332982587,3093378051,3426636942
0,320006883,3093378501,3413656271
0,327153423,3093359004,3420843731
0,311695925,3093350009,3405304847
0,339301224,3093314423,3432926718
0,332253250,3093375435,3425948608
0,338611374,3093331539,3432216977
0,322292444,3093421005,3416098561
0,320139972,3093356572,3413780250
0,316998331,3093407035,3410696949
0,345255309,3093343145,3438923241
0,327166458,3093365478,3420789364
0,335515224,3093362173,3429205306
0,326424212,3093347865,3420056624
0,325968624,3093386265,3419645388
0,328644481,3093384504,3422408687
0,320628860,3093357184,3414316585
0,318362870,3093343806,3412027462
0,334362555,3093384283,3428036430
0,320513535,3093379017,3414188203
0,327071173,3093386520,3420766407
0,327702398,3093299923,3421302600
0,333747421,3093303082,3427354296
0,324425113,3093336049,3418051079
0,333054600,3093341509,3426741533
0,320933237,3093423884,3414682530
0,328102374,3093420118,3421865429
0,345034122,3093333899,3438731668
0,337217432,3093398232,3430902425
0,334463714,3093401765,3428153817
0,314329996,3093405902,3408067567
0,325647412,3093310506,3419277380
0,325878868,3093430310,3419634266
0,341985885,3093321354,3435638085
0,316373728,3093318495,3409997875
0,342520931,3093327555,3436178773
0,327580505,3093305811,3421186860
0,330975587,3093292976,3424598627
0,334563859,3093352848,3428240662
0,331039618,3093365949,3424677398
0,342441449,3093415594,3436144377
0,313567804,3093305081,3407193811
0,331227903,3093307367,3424810054
0,341643612,3093377766,3435395837
0,328686546,3093375690,3422321181
0,311150045,3093405697,3404870981
0,324496344,3093422364,3418225509
0,316992893,3093393609,3410668725
0,340884365,3093339385,3434525447
0,330807889,3093349103,3424457894
0,325019955,3093375690,3418684853
0,329037671,3093306766,3422628122
0,333268861,3093403022,3426945251
0,344110891,3093340693,3437786988
0,308180911,3093325435,3401803738
0,340692450,3093419844,3434385096
0,352903425,3093328716,3446557136
0,312097908,3093395463,3405788278
0,301854232,3093353325,3395520134
0,329268673,3093371697,3422957914
0,333245574,3093292907,3426850997
0,344488643,3093380003,3438151086
0,310693018,3093396860,3404368330
0,325875477,3093316173,3419480086
0,345532021,3093403993,3439269160
0,346040259,3093342405,3439714437
0,327165861,3093401831,3420867825
0,325124828,3093308086,3418789406
0,335152181,3093323064,3428791897
0,332316860,3093426433,3426021227
0,321696555,3093470810,3415559991
0,312434571,3093354790,3406052615
0,327809687,3093329911,3421419687
0,327335643,3093346642,3421007394
0,334007650,3093307598,3427618764
0,312070171,3093402281,3405762920
0,336841436,3093303844,3430462466
0,331571035,3093336802,3425216212
0,339467247,3093276337,3433031130
0,330043666,3093383623,3423731722
0,326343656,3093354971,3419989409
0,337909097,3093317850,3431536451
0,346996385,3093470460,3440787426
0,330866358,3093335737,3424527833
0,339048629,3093286000,3432650284
0,332057148,3093337748,3425683062
0,331995711,3093303847,3425575230
0,332672518,3093417021,3426369240
0,337718436,3093279114,3431261381
0,341139568,3093377387,3434794399
0,344980207,3093292395,3438591531
0,334318377,3093346454,3428001173
0,326229940,3093296061,3419812492
0,321339378,3093284148,3414948258
0,339083018,3093391730,3432754906
0,327340380,3093300756,3420939039
0,339943544,3093377878,3433635199
0,334166587,3093493395,3428029524
0,331770442,3093276354,3425391934
0,323080735,3093294950,3416653616
0,342849946,3093369430,3436514300
0,336533241,3093351532,3430209902
0,328836654,3093418292,3422569167
0,324993002,3093371052,3418729669
0,327833408,3093318849,3421432314
0,338467803,3093314947,3432084407
0,335490042,3093348188,3429119684
0,341691066,3093375140,3435389155
0,329481727,3093302282,3423077639
0,311645685,3093402407,3405349428
0,346068259,3093301053,3439654207
0,325102652,3093285898,3418694701
0,328213494,3093323760,3421827468
0,306896646,3093378476,3400557276
0,330623859,3093386725,3424390241
0,323197861,3093416251,3416974025
0,309804732,3093285567,3403392054
0,324118073,3093268137,3417671191
0,319697460,3093354704,3413394965
0,324011809,3093391839,3417724814
0,330919496,3093356099,3424557710
0,325029071,3093362266,3418699220
0,317790047,3093307681,3411414041
0,326777365,3093325470,3420429647
0,341013381,3093386933,3434732086
0,331397647,3093426618,3425133773
0,331314098,3093325600,3424916139
0,339060757,3093441345,3432822865
0,341707279,3093291692,3435311307
0,348602945,3093335251,3442245497
0,328693661,3093320986,3422366544
0,342118052,3093351543,3435763435
0,331338336,3093343233,3424984301
0,332720847,3093329786,3426351067
0,323523601,3093398933,3417221605
0,317665973,3093296490,3411278912
0,341389956,3093382176,3435090856
0,336110918,3093441512,3429832484
0,335316980,3093397772,3429031272
0,335013862,3093322248,3428660305
0,347666516,3093355939,3441311292
0,332044037,3093283814,3425620976
0,305636385,3093300754,3399226119
0,321499260,3093289684,3415073877
0,344336775,3093303039,3437945684
0,332364478,3093298393,3425977817
0,318382150,3093319049,3411999455
0,323972389,3093309107,3417573624
0,333586991,3093298385,3427184003
0,341624154,3093323434,3435285102
0,341966790,3093414023,3435668791
0,329933730,3093424027,3423633404
0,323506996,3093300395,3417093165
0,346713415,3093285631,3440292773
0,329659181,3093433859,3423372019
0,328751018,3093299761,3422340287
0,327692926,3093374671,3421345442
0,321850054,3093320038,3415453131
0,310543485,3093333610,3404162865
0,327341293,3093320735,3421073913
0,333109222,3093334884,3426773115
0,329741073,3093441174,3423510799
0,344127001,3093306741,3437727030
0,346324224,3093450984,3440149852
0,321479487,3093356364,3415120005
0,338405445,3093502710,3432284560
0,334228784,3093292495,3427849576
0,345269688,3093357564,3438955364
0,327534459,3093389837,3421222496
0,328996063,3093423932,3422738661
0,322963190,3093310357,3416556648
0,334033193,3093361622,3427665202
0,335105986,3093295237,3428662069
0,330366725,3093308893,3423974941
0,326588276,3093410114,3420330309
0,328774127,3093328370,3422420570
0,322538443,3093335089,3416156607
0,303889498,3093396498,3397598243
0,337555940,3093321098,3431163645
0,345975593,3093387631,3439717055
0,336395033,3093286529,3429977919
0,324541558,3093431341,3418257301
0,331482124,3093303507,3425073013
0,334767798,3093414927,3428503986
0,331693435,3093315001,3425348210
0,328949074,3093317687,3422598913
0,324955885,3093279904,3418561928
0,324176635,3093323791,3417781978
0,337062625,3093349086,3430664438
0,352692614,3093414945,3446390552
0,328476944,3093376624,3422154239
0,352420417,3093300956,3446021349
0,329559268,3093340549,3423179571
0,312036699,3093495129,3405824941
0,332028762,3093374246,3425721922
0,344622450,3093344314,3438262156
0,337549686,3093300684,3431161902
0,331520227,3093307147,3425110540
0,331772690,3093307977,3425395344
0,339926160,3093282526,3433516059
0,322807765,3093346579,3416490577
0,336828050,3093335376,3430444283
0,340290854,3093261463,3433881942
0,318264676,3093363813,3411975000
0,330105422,3093334638,3423757242
0,333440442,3093450888,3427314361
0,337471465,3093383643,3431132328
0,331074785,3093318280,3424715314
0,322571114,3093342244,3416197747
0,333317797,3093399362,3427012545
0,336378812,3093324514,3430074257
0,343838942,3093350833,3437565176
0,334248682,3093312365,3427858611
0,335403899,3093393827,3429074362
0,331839211,3093335346,3425453879
0,337646863,3093354001,3431287845
0,316407452,3093392783,3410092566
0,337341221,3093406642,3431085811
0,336995913,3093290172,3430617496
0,335545392,3093318654,3429152685
0,325437096,3093299999,3419001556
0,308574773,3093406882,3402238602
0,331669954,3093367696,3425353394
0,328007971,3093395826,3421781333
0,321696826,3093300235,3415295320
0,317510936,3093309868,3411120075
0,332339564,3093400863,3426062784
0,325744162,3093352661,3419392924
0,332781939,3093311610,3426409747
0,331612438,3093452911,3425393484
0,339353449,3093383527,3433044863
0,347819581,3093427108,3441528509
0,329812982,3093394840,3423512907
0,328363952,3093307887,3421941131
0,316749157,3093380478,3410404619
0,340062758,3093432040,3433791859
0,338531262,3093439286,3432254094
