337529271,318227079,3093354252,3749254762
585720045,311212291,3093348655,3990411078
629708387,321695323,3093320202,4044814991
666852818,310790028,3093400310,4071163774
198100650,316923055,3093367681,3608502531
720746666,315437557,3093312913,4129625313
78740699,321635471,3093265465,3493792928
667563255,327149857,3093323354,4088151305
1241101547,317847761,3093401026,4652467579
74525092,326192170,3093257439,3494095925
500757925,312104952,3093368190,3906328494
1773935582,307521016,3093279550,5174850522
596849169,325958659,3093365882,4016303704
392952073,299634175,3093343115,3786068605
422332950,315727661,3093378273,3831561467
933554291,321408895,3093304381,4348384825
401267899,307987180,3093358919,3802745724
160079094,312899223,3093402759,3566515824
455017824,310587759,3093313462,3859019221
614920805,318981268,3093321046,4027364091
862578990,299142166,3093332852,4255170484
1025275402,305420557,3093385869,4424200254
306884562,317468588,3093277978,3717761259
263300501,318777099,3093270188,3675451932
444073342,333003188,3093220709,3870425755
399468583,316861442,3093309733,3809763817
455312011,321334575,3093300223,3870048392
506650949,303406858,3093356703,3903507493
213080738,320017900,3093288956,3626490192
385279392,331030600,3093308685,3809729182
86489683,318315179,3093386209,3498291744
459983907,329638448,3093294248,3883061278
615664819,325544284,3093393254,4034773535
322387806,310159458,3093323972,3725976392
281817112,310710331,3093273042,3685927164
447154763,301134732,3093358751,3841805110
197284998,329414612,3093309315,3620150498
439869826,314222620,3093394409,3847623745
804957531,316603078,3093306395,4214973714
486315662,313614523,3093290529,3893364679
1081178868,329674612,3093255772,4504200424
492724616,315398519,3093264770,3901533944
475434521,321033479,3093316585,3889929077
117697297,316119776,3093331691,3527279279
248187333,322670460,3093259638,3664264597
601197239,320532805,3093311563,4015153697
412874375,315866323,3093394752,3822280415
446639592,316309278,3093377462,3856447764
940048788,322343573,3093400541,4355928482
932713909,323921867,3093266409,4350008271
220949135,313269991,3093306422,3627615429
156913251,335889679,3093310508,3586236378
215757753,314054661,3093409068,3623356749
