44573 64636
10060 32360
19410 24913
10119 900
57110 54329
8666 9208
40175 38100
54665 18297
22792 1223
30859 38389
34204 55541
21131 2920
13784 37281
23002 41055
13451 25419
40284 52220
38415 52471
61427 36768
11310 40630
42684 3887
7130 20799
48749 36020
51975 17362
15706 32800
62248 823
34136 15269
26293 37995
41404 63572
59306 8943
35804 15719
33624 49247
25539 63392
43291 8138
17176 133
12826 20333
32439 37232
42829 48847
29185 52895
53364 48964
59007 11219
12015 46727
55186 43859
51513 36454
7927 63327
60878 31890
40518 64790
17271 14362
65211 16537
4950 12808
22249 35886
51029 4717
64837 7953
44930 63544
38514 31874
61982 3161
28486 19084
21537 56594
9413 7045
62687 39737
61287 13324
20026 37923
24931 3927
17823 4589
9910 56002
5446 55498
5710 36246
14247 36682
55984 48748
55266 14793
31311 1218
31674 36107
4506 10276
