3639377,673491,1000232,5313173
6032310,681073,1000224,7713677
2706750,677593,1000227,4384638
3009314,677470,1000224,4687076
8160972,672755,1000223,9834013
1007325,677034,1000220,2684648
5009101,676852,1000226,6686247
4631968,672416,1000229,6304681
1517754,677681,1000222,3195727
4441296,685578,1000280,6127220
8414989,684822,1000276,10100156
5360210,664533,1000231,7025098
883145,674530,1000230,2557971
9279829,674285,1000189,10954362
9459237,633728,1000232,11093264
2506852,673979,1000230,4181128
3363521,671870,1000290,5035746
2854836,670715,1000264,4525951
6286001,679842,1000211,7966121
10235972,673380,1000195,11909607
4624836,681341,1000226,6306467
2982276,610641,1000174,4593137
7978286,678983,1000226,9657561
1030489,687049,1000307,2718619
2522158,680409,1000212,4202843
638061,677239,1000217,2315584
2385934,680383,1000250,4066634
3477509,461664,1000198,4939418
3826476,674863,1000228,5501637
3536544,493297,1000195,5030080
2312604,677642,1000222,3990533
8137704,679100,1000227,9817092
4139883,675010,1000229,5815184
4023650,672487,1000246,5696448
11391468,649303,1000216,13041051
1455863,674690,1000224,3130842
5535901,679800,1000230,7215999
8854052,680347,1000288,10534755
8251892,674424,1000228,9926611
4998304,675562,1000278,6674210
2287114,679996,1000219,3967393
8596029,678811,1000229,10275140
3050423,691544,1000310,4743074
4097794,455802,1000175,5553819
4536792,678902,1000214,6215969
4769950,674628,1000218,6444862
4410409,674788,1000225,6085490
8534509,680893,1000223,10215696
4270925,675634,1000209,5946831
3927382,392389,1000192,5320003
2627350,673287,1000227,4300931
4659976,358988,1000174,6019511
3012714,673778,1000250,4686802
8137089,680968,1000225,9818350
18446744069422496559,672937,1000238,18446744069424169801
7880885,673860,1000207,9555011
6114869,680081,1000230,7795247
2145214,680980,1000229,3826492
3903827,671444,1000287,5575627
3786680,363276,1000176,5150175
6351197,680151,1000196,8031603
4199805,678282,1000284,5878433
1580111,675585,1000225,3255988
5396936,679625,1000215,7076842
11219357,676126,1000212,12895755
13522332,674616,1000227,15197243
6846818,678396,1000231,8525512
2790153,674216,1000210,4464646
1493904,675015,1000234,3169214
2444487,682650,1000228,4127430
2249592,674420,1000200,3924270
4646745,364254,1000170,6011578
4370729,678764,1000228,6049784
11960066,674176,1000247,13634557
4898261,677177,1000218,6575716
7637284,678902,1000223,9316472
4156742,678422,1000229,5835460
7398813,607022,1000197,9006077
5402761,671659,1000209,7074689
7074520,532953,1000190,8607705
10231386,671220,1000220,11902887
4508384,677116,1000225,6185787
1244122,671562,1000222,2915970
6617467,647314,1000162,8264987
4378253,677218,1000235,6055768
2453084,674748,1000204,4128090
1835849,678974,1000227,3515120
7649368,674893,1000230,9324558
6487388,679557,1000233,8167246
4670602,673856,1000234,6344761
3457397,608919,1000170,5066531
2885153,679338,1000300,4564861
6327831,678699,1000210,8006807
3511512,676016,1000309,5187902
1595011,368454,1000165,2964021
893782,676637,1000226,2570708
1506591,676154,1000215,3183027
17544708,591003,1000170,19135925
2159141,657210,1000223,3816637
2931070,672139,1000224,4603494
4150214,675813,1000256,5826351
1358601,678055,1000206,3036923
4188366,677085,1000224,5865740
6395481,680210,1000204,8075957
1922973,518789,1000174,3441981
4932557,679344,1000230,6612198
9257960,677743,1000209,10935968
11355230,680974,1000220,13036492
5722308,673233,1000215,7395823
7242012,672877,1000235,8915185
4162596,659424,1000203,5822278
9358259,680906,1000220,11039453
4226469,675344,1000224,5902104
2788174,680815,1000205,4469253
2711858,674823,1000208,4386952
4983758,675205,1000221,6659245
5001088,672589,1000288,6674030
4306313,681053,1000240,5987665
3104882,691695,1000265,4796909
7842592,679808,1000231,9522695
946264,682122,1000236,2628684
1248508,674660,1000228,2923464
1079485,674996,1000210,2754749
4737926,677743,1000238,6415974
1694477,681870,1000271,3376747
8420310,673683,1000226,10094284
7006750,574888,1000177,8581860
13952163,620927,1000196,15573331
7075456,652043,1000170,8727714
3212768,689359,1000358,4903242
7188903,661557,1000228,8850745
2246167,680896,1000220,3927350
5279399,676928,1000233,6956625
1888447,675325,1000203,3564035
607157,678965,1000220,2286402
9440228,674245,1000208,11114741
5833483,673507,1000210,7507266
9087141,408283,1000177,10495644
2640804,677687,1000223,4318778
11516949,678177,1000220,13195407
3194486,672542,1000228,4867322
363589,681052,1000228,2044928
17366351,678460,1000227,19045104
2828115,678694,1000210,4507086
8654629,674353,1000220,10329271
1103791,680617,1000229,2784705
3764219,642128,1000174,5406566
3682470,392923,1000167,5075608
1042469,673338,1000231,2716107
3874644,423701,1000170,5298563
10256238,476516,1000187,11732980
6122883,671227,1000231,7794404
7614345,672685,1000227,9287319
5929477,674177,1000241,7603962
15136514,678775,1000224,16815578
6967072,541501,1000161,8508775
5776425,676728,1000216,7453433
13025883,679783,1000222,14705955
2314080,672074,1000205,3986422
9435019,680320,1000222,11115632
9087613,677755,1000230,10765669
7286229,665920,1000252,8952467
4193900,479073,1000230,5673271
914855,678073,1000230,2593225
3006543,678596,1000225,4685433
5857374,680257,1000224,7537918
4208868,674638,1000208,5883775
3458376,689961,1000388,5149423
3956652,677096,1000222,5634034
1174912,678936,1000226,2854141
8350296,675054,1000216,10025634
4258235,676646,1000220,5935166
8814763,680677,1000223,10495729
8508213,678221,1000243,10186741
4591845,672710,1000239,6264857
10966539,678998,1000216,12645816
10794180,623489,1000178,12417896
3295083,473970,1000177,4769278
3947945,366627,1000153,5315095
2774137,673621,1000283,4448108
1164245,672376,1000230,2836917
9261325,673911,1000217,10935521
4271614,675297,1000307,5947282
4753240,681493,1000225,6435024
1127770,677565,1000231,2805636
6766787,631702,1000169,8398703
1184918,677873,1000225,2863084
5082276,363826,1000167,6446715
4844847,534070,1000179,6379474
8204685,674694,1000223,9879669
7631079,652327,1000226,9283695
3982956,653853,1000237,5637107
4781042,361135,1000155,6142711
1034262,686962,1000343,2722226
7059927,680942,1000207,8741133
1941413,674064,1000221,3615766
5918135,678189,1000236,7596628
5125861,680722,1000223,6806870
4580354,617799,1000221,6198424
7574671,678898,1000242,9253876
4565141,687124,1000303,6253341
3090304,682025,1000305,4773375
1166004,675544,1000229,2841844
6640074,674556,1000177,8314852
2112559,674553,1000231,3787410
7078846,575446,1000231,8654589
3921089,508605,1000179,5429922
8028945,420302,1000152,9449442
5911874,681549,1000235,7593726
1130271,673689,1000220,2804246
12051858,674158,1000223,13726307
4261172,674433,1000206,5935874
5908232,678426,1000226,7586955
1854661,679376,1000214,3534317
4311695,674791,1000256,5986806
7325879,678734,1000259,9004936
2435695,679139,1000220,4115118
11858414,679307,1000226,13538008
16213745,425119,1000183,17639093
14670281,420448,1000186,16090964
10640348,430305,1000172,12070873
4340604,679692,1000224,6020585
4960384,392474,1000216,6353483
66462632,441848,1000177,67904703
7099512,674399,1000231,8774210
2326853,680546,1000242,4007706
9858771,661067,1000291,11520195
1133233,676385,1000234,2809915
2365702,681432,1000266,4047467
1974467,679117,1000237,3653884
2457719,688244,1000282,4147024
2323286,679056,1000232,4002639
3228002,684283,1000338,4913278
5369105,675882,1000221,7045273
4314360,682227,1000276,5996923
5332254,682808,1000294,7016108
2185327,680573,1000233,3866202
7250937,366485,1000197,8618020
3014162,644105,1000173,4658487
1235412,672879,1000244,2908598
2087920,676102,1000287,3764373
5743488,671547,1000222,7415315
3823862,655715,1000227,5479869
1927179,675938,1000215,3603394
9550202,675318,1000208,11225787
5051192,672360,1000276,6723893
1454713,675025,1000219,3130022
5291080,672022,1000255,6963422
5511653,673934,1000239,7185884
8907287,678064,1000225,10585644
2034677,681023,1000211,3715973
11124353,581076,1000170,12705644
4125324,363872,1000171,5489413
3127963,605180,1000174,4733366
10534704,381980,1000168,11916895
3120950,640263,1000176,4761436
5745053,672492,1000234,7417848
6022728,671946,1000226,7694963
7661906,674929,1000226,9337130
1494619,681250,1000223,3176163
6621371,517359,1000168,8138943
6535524,674799,1000208,8210590
4791823,673558,1000237,6465681
4165514,681902,1000230,5847715
7425204,363167,1000168,8788580
3624616,455985,1000168,5080812
6272102,674296,1000205,7946665
1966247,679814,1000233,3646361
4070173,674829,1000282,5745347
2613352,671175,1000199,4284783
6578696,678649,1000242,8257660
2770865,673782,1000241,4444957
4076402,446415,1000179,5523039
3944953,673620,1000231,5618872
4547179,360986,1000196,5908402
6600477,671668,1000223,8272434
5168755,676007,1000222,6845050
14487337,406587,1000162,15894131
4250878,677462,1000237,5928648
3662370,672003,1000226,5334667
3096123,680175,1000231,4776598
6336358,679615,1000229,8016269
4175286,679832,1000228,5855410
6072670,672474,1000232,7745449
7500701,656392,1000225,9157386
9800745,672819,1000221,11473848
4692977,654481,1000222,6347743
2278365,676126,1000234,3954797
2833294,672325,1000218,4505907
10360195,675591,1000206,12036054
4972864,672075,1000222,6645223
1950676,674359,1000276,3625375
7054777,681383,1000212,8736434
2826846,677840,1000225,4504974
980035,676749,1000218,2657068
15322877,670964,1000231,16994136
3136091,677767,1000232,4814155
6359421,679293,1000212,8038986
7458120,492810,1000172,8951151
6777136,584594,1000168,8361943
4783179,665636,1000284,6449163
13919747,680249,1000221,15600283
4438187,677518,1000224,6115992
3853778,681962,1000230,5536029
10486052,679405,1000224,12165748
3588997,444707,1000165,5033913
5715382,681015,1000219,7396684
1391498,674544,1000227,3066338
6769659,677031,1000290,8447052
6528233,676464,1000222,8204982
12401208,674408,1000217,14075893
4101749,673662,1000296,5775774
3089762,676406,1000228,4766464
2307073,678309,1000219,3985669
6998831,367354,1000225,8366811
3096694,655053,1000175,4751967
2106720,671115,1000218,3778118
2095707,681692,1000226,3777688
11347820,676372,1000227,13024484
3716292,458234,1000188,5174752
11559202,675992,1000213,13235474
4059671,677405,1000258,5737399
4557636,678133,1000209,6236045
7516668,678981,1000226,9195941
4124780,688604,1000302,5814445
1186868,678272,1000223,2865430
10670379,688226,1000282,12359646
2429909,368921,1000162,3799390
6206380,681759,1000221,7888424
4265227,679561,1000234,5945090
1435591,680589,1000227,3116468
7958995,676381,1000215,9635655
4010847,501890,1000164,5512967
7939524,677858,1000303,9617749
2890567,674430,1000236,4565297
2874638,680958,1000226,4555888
4279540,662947,1000222,5942772
5208486,680033,1000222,6888802
1579907,675063,1000227,3255264
1587066,367667,1000172,2955334
783822,672825,1000243,2456960
2325268,680961,1000219,4006516
4994904,680950,1000226,6676141
5403175,681502,1000208,7084945
2960607,675176,1000218,4636068
1079313,674291,1000234,2753908
5944012,672411,1000229,7616720
6788176,679279,1000231,8467751
8631920,653239,1000248,10285471
3618503,398699,1000167,5017414
4604137,674382,1000219,6278804
7851396,678245,1000232,9529941
2459728,675892,1000250,4135931
4054158,681932,1000208,5736360
742984,672003,1000225,2415280
4281809,664381,1000219,5946471
9549152,674864,1000232,11224317
4362864,672941,1000233,6036106
7688393,604712,1000171,9293320
4317604,681313,1000233,5999222
821555,672885,1000232,2494741
4278908,677221,1000296,5956496
3384731,640557,1000169,5025503
3294369,670922,1000206,4965555
4405947,680499,1000225,6086737
5186063,679742,1000209,6866075
3149470,654127,1000173,4803816
4661471,675353,1000229,6337123
1822893,652039,1000232,3475233
5241259,362144,1000144,6603879
15117315,680749,1000232,16798361
6210616,675229,1000229,7886139
1706898,678134,1000224,3385324
3742492,365410,1000177,5108126
8222416,681470,1000230,9904182
7289920,675058,1000217,8965266
5736252,678991,1000221,7415532
5856749,678032,1000248,7535094
1349042,677225,1000221,3026557
4178471,677411,1000216,5856165
6965568,474217,1000162,8439991
5025770,673842,1000237,6699915
4962116,675051,1000238,6637469
7572411,673207,1000232,9245919
3911572,673783,1000248,5585670
6082560,672881,1000250,7755757
3302812,502414,1000167,4805436
9401454,674169,1000289,11075981
9713204,672689,1000230,11386193
4247864,678760,1000233,5926926
11487295,677974,1000207,13165535
5303678,682175,1000227,6986146
3298374,476156,1000167,4774740
3376275,413889,1000165,4790374
5612957,659839,1000226,7273088
4717375,676676,1000222,6394340
12082949,672302,1000228,13755547
5300030,674756,1000232,6975085
1688494,677093,1000230,3365886
2769022,687017,1000232,4457070
1319619,674484,1000232,2994401
12299840,677011,1000229,13977143
6086507,365704,1000178,7452757
3302358,675690,1000228,4978344
3401135,489710,1000165,4891054
3482269,461173,1000168,4943656
4342127,679279,1000238,6021713
3982414,360588,1000162,5343210
7063629,673391,1000227,8737316
7242796,653920,1000169,8896932
9375657,679110,1000233,11055068
2357056,677577,1000222,4034920
1267936,678899,1000230,2947132
15931073,672823,1000219,17604183
4781757,672206,1000222,6454255
3123238,673979,1000226,4797510
2492718,673288,1000226,4166298
8250301,674154,1000220,9924742
2332319,358134,1000169,3690983
4807851,680778,1000284,6488972
7424894,365344,1000170,8790449
2288849,671731,1000217,3960857
4334410,365279,1000164,5699895
6088861,671466,1000217,7760612
12974028,672268,1000218,14646582
2603317,672775,1000225,4276379
10438504,677798,1000227,12116592
5010686,674916,1000229,6685899
3053306,672897,1000212,4726476
7074587,679302,1000223,8754180
2784341,670024,1000256,4454687
4828549,680451,1000232,6509297
5135850,678499,1000232,6814648
10410280,675249,1000282,12085876
1320255,675796,1000228,2996344
5330698,673809,1000223,7004800
2125736,679918,1000229,3805950
2236327,679093,1000244,3915729
8973967,680324,1000221,10654584
5744780,671957,1000231,7417037
597219,678034,1000230,2275553
922816,359099,1000177,2282468
6867313,479693,1000196,8347247
7829932,608980,1000199,9439155
2737876,677253,1000221,4415414
3958753,676114,1000219,5635149
928594,678346,1000225,2607227
10680487,673464,1000271,12354285
2520795,678556,1000231,4199640
1252329,684814,1000224,2937434
2705723,676588,1000221,4382597
3157346,626984,1000171,4784546
6519558,675759,1000235,8195612
7330520,673733,1000222,9004542
4461505,674325,1000213,6136108
3603753,694563,1000243,5298689
2803690,688494,1000261,4492577
1806340,673432,1000231,3480062
6529749,621045,1000164,8151005
5542030,680019,1000218,7222332
4214967,691967,1000250,5907249
956881,696013,1000283,2653307
7979821,684991,1000221,9665660
9844723,683477,1000216,11528486
13100482,676390,1000218,14777151
2862246,673524,1000221,4536056
17742804,674420,1000237,19417530
12158542,675160,1000299,13834071
7594533,679128,1000225,9273950
1976433,681088,1000224,3657804
5757188,676985,1000209,7434446
4493736,651404,1000225,6145430
5014767,682042,1000214,6697088
3044040,561140,1000165,4605392
711003,674411,1000225,2385703
1609757,683920,1000264,3294007
7821109,617616,1000170,9438935
9200583,681682,1000206,10883095
5832210,672371,1000235,7504885
5742457,679723,1000232,7422478
5254609,679683,1000266,6934627
3633790,680870,1000229,5314955
1288333,684324,1000262,2972986
3005727,690023,1000268,4696078
6003915,694295,1000282,7698557
3416210,678033,1000232,5094542
4968648,676158,1000233,6645108
9436980,676971,1000203,11114213
8609228,674756,1000218,10284271
8901113,674872,1000230,10576288
8068413,678456,1000236,9747173
2910425,674333,1000228,4585053
8279869,676580,1000225,9956742
3832571,671112,1000231,5503982
1074634,681988,1000215,2756903
19589837,676930,1000245,21267144
2675541,677681,1000225,4353504
2990130,686833,1000240,4677263
2544473,680032,1000202,4225272
6726299,564549,1000176,8291071
3757881,671456,1000227,5429627
14380419,674027,1000277,16054793
11483160,358755,1000166,12842125
3732026,679080,1000209,5411372
1204898,681020,1000233,2886219
5599661,674913,1000227,7274872
1888893,678915,1000223,3568098
2802589,680655,1000222,4483533
9375148,681829,1000229,11057274
4892087,359245,1000205,6251579
3139481,686990,1000249,4826787
453684,689420,1000352,2143538
1818573,689291,1000275,3508203
6295645,678997,1000236,7974947
2775306,677724,1000213,4453303
9156455,679026,1000245,10835798
3250023,618239,1000171,4868482
4087664,673774,1000325,5761832
7314997,648777,1000277,8964118
10713017,359917,1000169,12073149
6777707,673782,1000228,8451785
2355091,679744,1000289,4035192
4600899,675104,1000218,6276282
6545257,679496,1000224,8225043
957125,678837,1000295,2636318
4925830,681384,1000236,6607517
4240054,672276,1000231,5912630
9689968,685385,1000294,11376407
12868531,684805,1000298,14554384
12030795,684735,1000297,13716583
8443456,683198,1000332,10127059
5107331,674967,1000228,6782593
6371920,584308,1000172,7956448
6450179,677428,1000232,8127909
6517203,674380,1000238,8191956
6274215,673402,1000239,7947924
2264021,679503,1000255,3943909
8456045,692299,1000247,10148650
9423888,690087,1000270,11114373
4459547,673789,1000247,6133655
12212956,676144,1000229,13889396
18280698,625151,1000181,19906074
3836662,608616,1000178,5445503
13348464,671793,1000223,15020552
1188906,677265,1000209,2866442
8472448,673175,1000325,10146012
5989213,674059,1000252,7663591
2268226,690742,1000282,3959315
7920954,672343,1000217,9593581
7358279,474984,1000210,8833535
4707713,366613,1000159,6074520
1947225,671975,1000227,3619498
7482552,673619,1000262,9156499
3676021,419514,1000212,5095793
2510871,675312,1000217,4186466
12060150,674587,1000230,13735037
6840072,573534,1000168,8413819
4391531,459792,1000167,5851535
4885125,676212,1000232,6561638
7858754,675723,1000234,9534779
14197063,680581,1000222,15877933
1772910,680521,1000316,3453814
4023595,396399,1000232,5420293
4012664,609366,1000172,5622251
2958178,675738,1000221,4634198
7238717,509188,1000170,8748118
2308203,674311,1000205,3982776
12563854,673341,1000218,14237478
5219694,658532,1000217,6878508
2286231,676205,1000223,3962725
6197066,677672,1000227,7875033
9178097,676902,1000219,10855286
8215935,680258,1000217,9896471
3675698,364222,1000152,5040110
18446744069419064969,380578,1000219,18446744069420445814
7467440,676616,1000235,9144355
3666940,530084,1000168,5197234
8909056,675903,1000251,10585275
3432653,691400,1000262,5124386
6528470,688774,1000274,8217585
4353525,678598,1000236,6032427
3152103,674064,1000228,4826457
5716796,678975,1000230,7396066
6051548,674149,1000215,7725980
4367824,684594,1000303,6052788
1422243,684225,1000248,3106772
3613981,523708,1000143,5137873
4577405,678761,1000228,6256462
6482634,638894,1000176,8121751
8235494,676168,1000232,9911959
1795256,679558,1000235,3475111
1022070,672619,1000233,2694991
5867848,677958,1000228,7546105
12540840,674906,1000201,14216008
2027034,699473,1000267,3726843
4182328,676175,1000258,5858828
2867372,688538,1000277,4556258
3104106,658396,1000223,4762773
5975037,671225,1000226,7646556
3612699,357854,1000172,4970773
8370506,681797,1000216,10052585
3765945,678665,1000231,5444910
4532796,683507,1000271,6216642
3308543,675575,1000231,4984418
6094354,681819,1000228,7776469
10692856,366435,1000167,12059503
10466303,673914,1000232,12140516
1598494,677338,1000236,3276136
10913320,671807,1000222,12585416
1327165,364170,1000196,2691573
4569247,365177,1000197,5934663
7551370,679025,1000230,9230693
3990906,601239,1000209,5592399
1924268,682116,1000270,3606721
1846999,677289,1000228,3524577
4209674,688808,1000307,5898857
3742240,364405,1000168,5106857
3857625,673776,1000260,5531724
7021325,684539,1000254,8706186
2075040,677737,1000274,3753116
1335861,681042,1000235,3017206
2646814,677946,1000210,4325031
1573754,648619,1000220,3222640
4474354,557925,1000173,6032501
2308415,677130,1000229,3985841
4801379,684231,1000248,6485931
2840143,674781,1000213,4515208
4940323,678860,1000235,6619486
1613312,685433,1000272,3299086
3141416,680359,1000234,4822078
6086756,680824,1000220,7768414
1150664,672667,1000231,2823629
4399652,675114,1000234,6075070
7325974,679731,1000227,9005997
2125663,681006,1000204,3807471
7230546,676541,1000292,8907446
2440919,675989,1000282,4117799
2699630,679952,1000235,4379881
2198758,691865,1000308,3891001
2354265,678329,1000212,4032867
5073045,681737,1000221,6755631
20921410,672490,1000210,22594171
4170684,678612,1000199,5849541
2378190,672349,1000205,4050809
6764461,690398,1000297,8455223
3909739,480134,1000201,5390121
2198400,683075,1000212,3881746
7632651,656328,1000227,9289270
7168927,484757,1000170,8653896
3113953,600732,1000196,4714930
4998386,674825,1000223,6673500
5039177,686132,1000259,6725636
9990405,684181,1000268,11674914
4186963,677218,1000222,5864469
9562106,673090,1000233,11235497
7140349,484341,1000283,8625039
3269068,677273,1000209,4946611
23745226,683371,1000235,25428898
6085653,679331,1000225,7765279
9350688,674048,1000241,11025112
2094862,680658,1000242,3775898
6771538,480989,1000174,8252785
6519985,661737,1000179,8181988
3109666,684054,1000248,4794097
1122611,679367,1000222,2802323
5904345,683645,1000260,7588318
4805750,678296,1000237,6484346
2157615,677678,1000238,3835597
6150361,675253,1000249,7825934
3514382,577856,1000238,5092539
6409521,678311,1000208,8088099
4473136,682824,1000246,6156335
17932286,421487,1000182,19354001
6720344,463535,1000176,8184105
3872511,681623,1000217,5554410
1539273,672803,1000260,3212402
12880344,431492,1000177,14312064
15463720,420865,1000170,16884803
17619862,419154,1000198,19039262
3956011,645380,1000233,5601693
3999938,365271,1000161,5365413
6480281,408580,1000194,7889114
5520022,680078,1000218,7200930
2715797,678823,1000228,4394915
4910415,683364,1000247,6594098
9639892,416063,1000174,11056177
5119476,410773,1000162,6530455
6000337,423283,1000165,7423831
2359817,113760018,1000285,117120194
880492,674943,1000230,2555792
3510674,460336,1000168,4971219
5166381,677009,1000225,6843686
894380,680701,1000232,2575381
3832003,548322,1000173,5380542
7671055,365107,1000178,9036387
3568302,364129,1000196,4932671
3904751,676905,1000244,5581968
10436140,680169,1000223,12116596
12998900,676281,1000240,14675493
6034818,680803,1000270,7715950
847411,677485,1000210,2525164
3687339,586655,1000183,5274224
9492579,674800,1000233,11167678
8057710,675970,1000206,9733945
3669530,699181,1000303,5369780
5989309,664065,1000302,7654427
1660297,689274,1000278,3350526
2939821,685516,1000281,4626326
1120941,358808,1000167,2480302
18159367,678751,1000227,19838410
3134887,641598,1000179,4776713
2559417,674128,1000234,4233847
1364637,680774,1000246,3045721
4757070,678069,1000232,6435438
7075600,679619,1000210,8755494
5967860,673314,1000204,7641435
4355047,681209,1000223,6036549
793392,681711,1000227,2475390
1912621,682159,1000231,3595077
9807035,679339,1000236,11486677
689830,675468,1000233,2365599
1658831,673589,1000230,3332718
8266818,679352,1000216,9946450
2642437,673494,1000209,4316198
6799890,676686,1000236,8476886
5383587,364231,1000167,6748030
2871442,682244,1000300,4554053
6702116,682469,1000239,8384889
2597925,677554,1000329,4275874
8719529,674840,1000232,10394674
9393660,683041,1000208,11076967
2026548,678086,1000229,3704929
12312392,683076,1000244,13995772
15284702,676897,1000223,16961887
3171188,677668,1000237,4849161
5983735,681288,1000240,7665316
3932965,681692,1000234,5614962
12552422,682587,1000210,14235274
10255869,678958,1000225,11935117
19045147,680204,1000225,20725644
1483361,675223,1000230,3158882
4328498,372189,1000156,5700882
6655270,367017,1000218,8022543
1673472,674222,1000222,3348547
3519886,590877,1000193,5111005
6982546,630635,1000162,8613390
2538940,675769,1000277,4215055
3246733,684749,1000229,4931770
2142588,688779,1000272,3831697
2445038,682102,1000248,4127451
8432383,654666,1000230,10087344
5405786,677530,1000229,7083606
5625380,679136,1000232,7304817
18721250,672621,1000228,20394164
6598481,678690,1000229,8277462
3535393,614811,1000174,5150461
2198038,692327,1000279,3890711
4694269,681087,1000229,6375707
3202038,616479,1000175,4818737
8645182,673546,1000230,10319027
4576573,678675,1000221,6255533
4179135,675780,1000224,5855203
3415206,690071,1000267,5105674
3656736,410738,1000165,5067682
6822609,678847,1000218,8501736
4642864,675185,1000281,6318401
6954232,443280,1000170,8397727
3382548,442722,1000172,4825487
10817004,681905,1000262,12499294
9933642,681773,1000227,11615709
6980183,472910,1000238,8453394
5716872,682191,1000216,7399345
4651172,674401,1000224,6325867
4031226,366536,1000177,5397987
5388273,671810,1000235,7060381
3303964,559773,1000199,4863984
3598956,443106,1000169,5042276
9066544,673307,1000216,10740134
3743855,673943,1000213,5418073
10434049,680927,1000221,12115260
5996960,679211,1000224,7676461
10723729,406051,1000162,12129986
5224366,676909,1000229,6901571
816195,678972,1000236,2495472
3674231,508132,1000202,5182614
2505370,683516,1000237,4189186
3941063,682585,1000240,5623953
3550739,674849,1000226,5225881
1380114,678779,1000215,3059178
11445685,679512,1000230,13125550
13444884,683394,1000222,15128570
9831638,676923,1000221,11508846
4146324,677853,1000230,5824474
2735230,680122,1000224,4415639
2019014,676893,1000229,3696197
3062308,684398,1000224,4746994
3292148,681307,1000206,4973720
7917012,678348,1000219,9595645
4599069,676862,1000223,6276222
3424487,432070,1000170,4856772
5159578,458347,1000192,6618160
2849499,677604,1000209,4527940
8813495,673885,1000304,10487750
9830162,675893,1000259,11506380
1006471,677988,1000216,2684737
5110214,682605,1000319,6793889
6987405,674790,1000186,8662463
9925739,691435,1000256,11617486
3733360,689855,1000296,5423643
11310871,686533,1000274,12997745
1099781,673989,1000242,2774081
4682723,674487,1000238,6357514
5191063,682297,1000309,6873791
5745420,694161,1000273,7439922
15196052,683925,1000267,16880310
5424829,678378,1000244,7103513
7687811,691343,1000260,9379483
1193691,680084,1000252,2874153
3169908,693482,1000271,4863728
4132994,688726,1000348,5822134
5156915,690268,1000265,6847516
2086886,687251,1000264,3774462
1510543,674157,1000232,3184994
7137307,685254,1000250,8822874
3741240,555226,1000207,5296723
12280910,672841,1000221,13954040
4292291,657821,1000248,5950427
5487256,684204,1000331,7171863
4767600,675767,1000211,6444204
6688133,687919,1000268,8376388
16858191,359090,1000163,18217797
6228856,684545,1000230,7913696
11072432,608339,1000162,12680974
854346,674188,1000300,2528902
5325374,680576,1000214,7006224
5534965,680287,1000225,7215541
5025640,679525,1000232,6705463
968105,676326,1000295,2644788
3942076,648282,1000214,5590635
1161910,679018,1000225,2841217
4782722,683598,1000234,6466621
6502975,681176,1000230,8184445
7666951,678911,1000242,9346175
3580449,357444,1000169,4938107
8329350,681813,1000214,10011435
4379330,359704,1000157,5739541
1378689,670827,1000218,3050342
4436220,673799,1000225,6110306
7479137,472321,1000169,8951670
3347491,680205,1000232,5027993
2923337,682437,1000215,4606053
8115731,683737,1000224,9799754
2375032,679778,1000228,4055104
4669357,675953,1000221,6345599
5729081,676319,1000221,7405686
2027473,677761,1000234,3705539
3082649,683447,1000232,4766391
1711907,682189,1000241,3394403
6820852,674478,1000293,8495695
3969257,677031,1000236,5646593
1569297,674824,1000263,3244447
1879931,676753,1000229,3556978
5577486,676005,1000232,7253788
4385868,690774,1000269,6076980
7246450,602172,1000160,8849135
4016426,671749,1000245,5688550
12445017,680101,1000302,14125559
1942584,672788,1000250,3615743
6556890,669300,1000177,8226451
4666977,679009,1000290,6346342
5179271,683473,1000269,6863080
2068776,685918,1000249,3755003
4013863,682458,1000214,5697131
12613476,682110,1000295,14295946
3746254,418874,1000155,5165325
2801745,678191,1000273,4480269
3839633,689104,1000293,5529095
2676602,677879,1000229,4354776
3982916,675074,1000236,5658297
25152487,681088,1000227,26833865
3371148,676200,1000199,5047590
4380820,682069,1000243,6063196
6245470,680121,1000232,7925888
6452744,690824,1000257,8143890
2715914,688266,1000246,4404495
4588597,416711,1000154,6005505
17362734,551568,1000174,18914522
5283130,455028,1000219,6738421
7676728,369029,1000221,9046023
4665215,693619,1000267,6359167
2536947,689585,1000282,4226880
7465561,675524,1000242,9141389
5771513,673255,1000233,7445128
4650635,674621,1000231,6325554
2836269,680004,1000238,4516573
8853631,683039,1000234,10536971
10394003,680756,1000233,12075124
4982439,683649,1000238,6666458
2403181,692184,1000362,4095793
5208375,525655,1000216,6734866
1679085,676395,1000224,3356327
5660031,675840,1000212,7336664
6550513,613357,1000180,8164096
3420956,504047,1000210,4925260
7529503,654005,1000219,9183794
5317141,680779,1000228,6998216
3880807,674292,1000235,5555402
9190876,675079,1000227,10866249
890278,672927,1000237,2563575
5687365,680552,1000233,7368217
1759487,674389,1000264,3434207
1000145,675915,1000219,2676344
1091793,683315,1000251,2775425
1971975,683152,1000228,3655424
4484781,681520,1000221,6166589
7563316,681768,1000268,9245419
15361646,680465,1000240,17042416
9045784,683402,1000289,10729543
10685979,677865,1000229,12364143
2206230,679336,1000221,3885856
8211614,682716,1000235,9894626
2670640,675007,1000225,4345937
4126832,677576,1000260,5804734
8354191,682232,1000228,10036717
5896371,683148,1000232,7579820
2434229,685376,1000304,4120699
2955165,687391,1000300,4643673
8151107,359096,1000203,9510786
4060476,365026,1000175,5426049
5867445,366339,1000150,7234288
6241107,678651,1000227,7920053
5933400,683427,1000227,7617117
3136534,678559,1000236,4815393
2230491,358255,1000165,3589302
3333238,639463,1000167,4972916
10948199,686798,1000287,12636031
2935231,678010,1000241,4613551
8115252,679048,1000297,9794666
6820882,358756,1000168,8180173
3604794,478896,1000166,5083901
5601080,689099,1000296,7291227
1151063,671886,1000208,2823218
4718011,680917,1000218,6399210
2190742,683246,1000384,3875057
6872819,594693,1000166,8467720
4550657,681078,1000239,6232039
3678341,657140,1000249,5335793
5985543,689709,1000277,7676220
1437963,674696,1000229,3112954
4485134,682620,1000227,6168049
2987854,677345,1000229,4665497
1597437,678434,1000225,3276159
13471765,683444,1000231,15155505
8825663,678637,1000242,10504613
2878683,676891,1000222,4555860
9314773,687419,1000308,11003245
3582659,359482,1000184,4942711
1016347,668301,1000375,2685811
2668119,680290,1000226,4348703
10371745,683611,1000271,12055694
2288620,676246,1000234,3965164
5203301,682359,1000228,6885956
2769152,360273,1000158,4129986
1801197,675676,1000217,3477156
14368745,363490,1000178,15732801
1426710,690753,1000290,3118496
5791442,682553,1000352,7475029
943087,691257,1000286,2635354
7671121,672843,1000224,9344250
13316569,681107,1000225,14997968
11284550,672331,1000233,12957178
4563072,670863,1000231,6234234
9548382,677809,1000218,11226477
5418438,678551,1000222,7097278
5966116,676576,1000233,7642993
10060130,630563,1000169,11690911
6751019,681273,1000229,8432589
7731904,674269,1000233,9406474
14190051,676551,1000229,15866898
724909,680559,1000210,2405737
3219360,675189,1000294,4894911
4756959,678378,1000226,6435632
7518599,377996,1000152,8896792
4643422,681423,1000200,6325109
5082189,683642,1000222,6766123
4779214,665793,1000235,6445308
4861999,682448,1000231,6544742
1326587,679642,1000263,3006555
840205,675345,1000213,2515827
16983881,680685,1000217,18664851
2154490,365155,1000162,3519850
5828870,672222,1000226,7501387
8909915,675276,1000225,10585475
10466142,367417,1000177,11834127
3613010,372403,1000179,4985635
2698038,690807,1000309,4389872
2169534,365159,1000162,3535229
8256252,672992,1000248,9929559
