0,383318,1000284,1383895
0,671170,1000465,1672170
0,417117,1000312,1417706
0,670577,1000427,1671700
0,385311,1000277,1385887
0,668888,1000455,1669869
0,423799,1000276,1424449
0,670234,1000416,1671142
0,413346,1000311,1413942
0,380271,1000284,1380844
0,672696,1000428,1673672
0,410184,1000280,1410744
0,671891,1000531,1672978
0,594711,1000398,1595563
0,677682,1000518,1678750
0,424661,1000308,1425267
0,682109,1000496,1683138
0,379624,1000299,1380223
0,670780,1000460,1671764
0,411237,1000277,1411787
0,673063,1000408,1673950
0,409863,1000295,1410444
0,671385,1000423,1672298
0,411387,1000285,1411969
0,674615,1000437,1675702
0,392685,1000333,1393311
0,673070,1000406,1673945
0,579168,1000414,1580042
0,681552,1000542,1682610
0,392690,1000323,1393312
0,672004,1000429,1672928
0,396460,1000324,1397084
0,670940,1000462,1671911
0,394112,1000273,1394672
0,670124,1000420,1671044
0,423172,1000274,1423730
0,669997,1000428,1670914
0,393147,1000273,1393717
0,668597,1000457,1669533
0,412317,1000279,1412916
0,671323,1000421,1672231
0,407016,1000278,1407577
0,670298,1000421,1671203
0,383377,1000320,1383997
0,672058,1000420,1672964
0,398453,1000276,1399025
0,673181,1000424,1674094
0,382555,1000348,1383227
0,681863,1000552,1682960
0,397693,1000351,1398374
0,669662,1000419,1670582
0,390535,1000282,1391110
0,674231,1000486,1675263
0,406361,1000284,1406936
0,681153,1000525,1682178
0,426622,1000500,1427630
0,673486,1000489,1674514
0,421466,1000286,1422056
0,681793,1000557,1682910
0,375717,1000298,1376326
0,670487,1000471,1671497
0,423982,1000277,1424550
0,672317,1000438,1673256
0,377197,1000353,1377858
0,673389,1000486,1674455
0,425124,1000248,1426061
0,399929,1000254,1400470
0,672701,1000451,1673646
0,411990,1000269,1412542
0,673837,1000421,1674748
0,392112,1000301,1392739
0,670453,1000381,1671904
0,375934,1000289,1376556
0,669927,1000426,1670931
0,399610,1000273,1400212
0,670334,1000426,1671321
0,501190,1000475,1502259
0,669022,1000412,1670036
0,409481,1000302,1410107
0,410756,1000303,1411376
0,581902,1000515,1583012
0,683487,1000509,1684510
0,392170,1000253,1393062
0,683850,1000502,1684862
0,420549,1000251,1421431
0,421861,1000278,1422747
0,400270,1000253,1400788
0,671815,1000438,1673345
0,379739,1000262,1380568
0,399922,1000430,1401438
0,668444,1000414,1669925
0,384875,1000254,1385820
0,380138,1000252,1381015
0,402351,1000298,1402960
0,669483,1000414,1670395
0,378394,1000262,1378914
0,416809,1000274,1417366
0,688127,1000477,1689455
0,670171,1000421,1671068
0,423398,1000280,1423971
0,669989,1000455,1670976
0,400862,1000274,1401407
0,671851,1000463,1672847
0,426115,1000355,1427210
0,397340,1000258,1397858
0,671773,1000416,1672683
0,383812,1000278,1384379
0,409326,1000271,1409884
0,389715,1000275,1390268
0,670712,1000481,1671769
0,410225,1000279,1410788
0,385417,1000280,1385979
0,669920,1000443,1670985
0,426241,1000271,1426802
0,403864,1000304,1404451
0,390758,1000299,1391363
0,388810,1000321,1389786
0,420790,1000272,1421337
0,382168,1000430,1383087
0,679985,1000497,1681690
0,430559,1000324,1431544
0,380052,1000298,1380973
0,395005,1000334,1395986
0,411417,1000371,1412484
0,543598,1000614,1545484
0,672998,1000420,1673896
0,392353,1000298,1392958
0,671323,1000393,1672166
0,410202,1000311,1410806
0,672017,1000420,1672922
0,482552,1000422,1483455
0,671030,1000457,1672010
0,560256,1000422,1561230
0,670982,1000456,1671960
0,406727,1000277,1407290
0,670237,1000389,1671079
0,423871,1000293,1424472
0,669729,1000475,1670785
0,378277,1000276,1378838
0,413267,1000284,1413845
0,411315,1000275,1411869
0,418205,1000256,1418722
0,397265,1000300,1397863
0,375824,1000280,1376387
0,670260,1000532,1671333
0,411171,1000308,1412071
0,390104,1000336,1391150
0,391896,1000319,1392876
0,383483,1000320,1384455
0,405425,1000375,1406476
0,382787,1000298,1383397
0,403237,1000283,1403817
0,671461,1000429,1672383
0,387342,1000276,1387902
0,411784,1000273,1412351
0,672212,1000415,1673112
0,388722,1000297,1389325
0,425656,1000275,1426217
0,413958,1000380,1415006
0,416412,1000312,1417049
0,421728,1000279,1422304
0,384968,1000274,1385523
0,375596,1000276,1376156
0,671758,1000426,1672689
0,412247,1000276,1412810
0,384549,1000279,1385126
0,673128,1000414,1674037
0,377259,1000300,1377867
0,669742,1000413,1670645
0,410158,1000279,1410808
0,378118,1000276,1378691
0,422922,1000307,1423560
0,670629,1000474,1671639
0,409599,1000351,1410625
0,410670,1000273,1411301
0,399008,1000302,1399633
0,411073,1000306,1411989
0,383285,1000307,1383904
0,590229,1000419,1591143
0,673609,1000516,1674628
0,566893,1000446,1567843
0,670343,1000384,1671165
0,395456,1000331,1396091
0,670580,1000417,1671480
0,423144,1000277,1423697
0,671348,1000440,1672272
0,396319,1000294,1396916
0,670584,1000431,1671560
0,384230,1000297,1384818
0,424671,1000329,1425663
0,405226,1000278,1405788
0,620814,1000480,1621875
0,663296,1000258,1663890
0,682007,1000542,1683835
0,378017,1000275,1378581
0,682300,1000514,1684070
0,394967,1000319,1395910
0,389862,1000321,1390510
0,673595,1000422,1674504
0,406535,1000267,1407104
0,378385,1000280,1378949
0,382262,1000270,1382792
0,415012,1000306,1415667
0,383164,1000297,1383771
0,669986,1000424,1670940
0,409100,1000330,1409746
0,670891,1000386,1671714
0,385860,1000271,1386482
0,407777,1000334,1408765
0,536726,1000682,1537898
0,670069,1000417,1670966
0,377867,1000280,1378433
0,422717,1000302,1423340
0,669451,1000420,1670374
0,417769,1000276,1418344
0,672273,1000437,1673212
0,379192,1000276,1379751
0,383117,1000289,1383684
0,669212,1000446,1670155
0,407081,1000282,1407654
0,671038,1000494,1672011
0,419113,1000332,1419766
0,671681,1000465,1672687
0,390515,1000278,1391087
0,684359,1000460,1685440
0,420824,1000366,1421511
0,671165,1000418,1672069
0,411810,1000400,1412510
0,671415,1000422,1672333
0,395907,1000291,1396495
0,671738,1000460,1672719
0,413567,1000282,1414150
0,670060,1000460,1671054
0,422151,1000277,1422706
0,671458,1000417,1672362
0,426864,1000295,1427459
0,672045,1000459,1673044
0,386257,1000274,1386898
0,671707,1000400,1672587
0,384480,1000297,1385078
0,672300,1000425,1673219
0,417215,1000281,1417789
0,670867,1000417,1671775
0,378030,1000276,1378593
0,670831,1000406,1671733
0,374908,1000281,1375476
0,670132,1000424,1671049
0,390567,1000274,1391193
0,671470,1000419,1672370
0,383533,1000318,1384149
0,406876,1000281,1407437
0,672181,1000467,1673173
0,377532,1000318,1378148
0,672513,1000432,1674073
0,377087,1000329,1377723
0,672205,1000423,1673113
0,397336,1000276,1397898
0,684533,1000536,1685561
0,402181,1000300,1402812
0,669255,1000411,1670140
0,376479,1000277,1377055
0,672231,1000421,1673268
0,387169,1000281,1387750
0,670134,1000423,1671054
0,420327,1000275,1420956
0,671443,1000395,1672420
0,409584,1000256,1410103
0,672074,1000479,1673036
0,388574,1000329,1389217
0,671704,1000467,1672702
0,399448,1000297,1400049
0,672173,1000419,1673095
0,565248,1000393,1566072
0,671027,1000430,1671955
0,397361,1000258,1397875
0,672952,1000415,1673854
0,391773,1000273,1392326
0,670882,1000415,1671784
0,376339,1000294,1376933
0,672817,1000421,1673725
0,522326,1000435,1523265
0,671982,1000391,1672823
0,381641,1000278,1382207
0,672813,1000467,1673820
0,414091,1000277,1414677
0,670275,1000390,1671268
0,422743,1000335,1423384
0,670217,1000422,1671134
0,407931,1000300,1408513
0,673183,1000426,1674231
0,377789,1000273,1378348
0,670364,1000415,1671268
0,420101,1000283,1420670
0,672961,1000501,1673974
0,386325,1000318,1386928
0,391494,1000397,1392202
0,669547,1000452,1670519
0,400358,1000274,1400994
0,671435,1000456,1672410
0,410320,1000281,1410902
0,671557,1000414,1672448
0,416253,1000272,1416815
0,673524,1000424,1674429
0,412616,1000422,1413533
0,671929,1000496,1672988
0,397310,1000304,1397906
0,670685,1000466,1671675
0,426737,1000273,1427304
0,674492,1000419,1675406
0,410583,1000309,1411169
0,672628,1000431,1673558
0,400399,1000278,1400948
0,669697,1000468,1670712
0,394704,1000358,1395358
0,388968,1000343,1389632
0,681840,1000802,1683102
0,402202,1000301,1402812
0,671647,1000471,1672666
0,399842,1000276,1400416
0,672329,1000484,1673307
0,424176,1000286,1424757
0,670244,1000416,1671146
0,412816,1000283,1413389
0,670423,1000472,1671428
0,381924,1000297,1382521
0,671273,1000465,1672262
0,425818,1000281,1426386
0,673366,1000433,1674309
0,433543,1000354,1434218
0,680885,1000558,1682027
0,410245,1000278,1410813
0,675594,1000466,1676596
0,403361,1000334,1403966
0,669215,1000423,1670148
0,399935,1000282,1400507
0,671924,1000504,1672962
0,399402,1000272,1399965
0,670905,1000461,1671881
0,419785,1000300,1420384
0,670330,1000462,1671306
0,532891,1000466,1533886
0,671680,1000429,1672736
0,422741,1000298,1423352
0,672429,1000456,1673426
0,381668,1000304,1382254
0,674698,1000492,1675752
0,423127,1000287,1423787
0,672651,1000434,1673574
0,386030,1000279,1386594
0,672341,1000471,1673353
0,406547,1000358,1407221
0,382349,1000292,1382925
0,674937,1000399,1675792
0,555367,1000444,1556457
0,673761,1000426,1674690
0,393372,1000306,1393996
0,673274,1000498,1674311
0,422328,1000306,1422955
0,671581,1000431,1672515
0,380859,1000284,1381435
0,673658,1000491,1674690
0,425027,1000279,1425604
0,673004,1000427,1674075
0,390348,1000290,1390948
0,673351,1000429,1674236
0,413188,1000278,1413756
0,671618,1000470,1672614
0,401723,1000278,1402290
0,672203,1000429,1673130
0,419242,1000273,1419776
0,673365,1000497,1674395
0,394009,1000280,1394582
0,669034,1000486,1670058
0,419406,1000282,1419976
0,673222,1000493,1674275
0,398055,1000284,1398632
0,671311,1000510,1672313
0,409617,1000278,1410189
0,671832,1000406,1672737
0,382879,1000335,1383512
0,421649,1000303,1422268
0,674574,1000436,1675512
0,407941,1000283,1408522
0,671659,1000489,1672695
0,379429,1000282,1380006
0,674131,1000457,1675092
0,418183,1000311,1418822
0,684326,1000513,1685500
0,393012,1000348,1393662
0,427151,1000303,1427773
0,669506,1000450,1670470
0,394587,1000305,1395203
0,674328,1000399,1675186
0,427644,1000311,1428251
0,673069,1000421,1673938
0,401492,1000283,1402067
0,668922,1000423,1669832
0,412159,1000311,1412759
0,669945,1000392,1670781
0,399903,1000321,1400522
0,671742,1000422,1672670
0,431975,1000417,1432885
0,672874,1000428,1673864
0,420191,1000286,1420775
0,670384,1000497,1671421
0,384736,1000308,1385358
0,672690,1000420,1673604
0,395566,1000285,1396141
0,671832,1000510,1672823
0,374922,1000258,1375452
0,671882,1000435,1673436
0,383026,1000281,1383609
0,671564,1000432,1672536
0,451264,1000431,1452199
0,672123,1000475,1673132
0,393064,1000303,1393690
0,671328,1000429,1672389
0,386697,1000285,1387274
0,670968,1000436,1672030
0,402736,1000280,1403312
0,670786,1000422,1671706
0,413390,1000284,1413964
0,672483,1000422,1673540
0,396252,1000309,1396872
0,673888,1000400,1674747
0,391414,1000283,1391992
0,673554,1000581,1674679
0,395483,1000311,1396066
0,671814,1000488,1672866
0,385960,1000282,1386535
0,671761,1000430,1672694
0,388935,1000278,1389496
0,671281,1000467,1672280
0,585296,1000427,1586225
0,670217,1000444,1671151
0,416333,1000300,1416952
0,673239,1000427,1674158
0,416943,1000286,1417592
0,671363,1000434,1672430
0,378872,1000300,1379490
0,668129,1000423,1669044
0,441188,1000329,1441823
0,669988,1000445,1670953
0,396836,1000279,1397412
0,671092,1000445,1672058
0,417849,1000301,1418461
0,670827,1000428,1671757
0,418336,1000305,1418955
0,671899,1000434,1672894
0,393433,1000300,1394045
0,671138,1000466,1672136
0,387094,1000279,1387656
0,689671,1000559,1690806
0,395307,1000282,1395876
0,670287,1000426,1671200
0,423099,1000283,1423666
0,670360,1000471,1671375
0,386603,1000306,1387229
0,670294,1000427,1671217
0,419748,1000279,1420317
0,675582,1000471,1676599
0,407203,1000306,1407820
0,671618,1000423,1672536
0,413329,1000331,1413955
0,672761,1000446,1673690
0,400563,1000303,1401182
0,672178,1000421,1673099
0,419177,1000333,1419816
0,672438,1000472,1673436
0,384658,1000284,1385234
0,671689,1000460,1672682
0,387485,1000296,1388099
0,671796,1000428,1672715
0,398713,1000306,1399330
0,670591,1000431,1671514
0,396053,1000281,1396692
0,686446,1000568,1687672
0,395393,1000288,1395982
0,671745,1000491,1672776
0,406272,1000281,1406850
0,672760,1000396,1673608
0,383439,1000286,1384018
0,671783,1000413,1672685
0,400889,1000284,1401466
0,671248,1000428,1672172
0,386205,1000328,1386823
0,673035,1000397,1673889
0,406166,1000276,1406738
0,673148,1000433,1674086
0,405638,1000291,1406223
0,669943,1000466,1670961
0,414237,1000330,1414876
0,414801,1000301,1415413
0,671388,1000424,1672307
0,398577,1000347,1399240
0,673935,1000451,1674891
0,411709,1000286,1412297
0,683897,1000551,1685011
0,671154,1000466,1672181
0,385539,1000284,1386108
0,670033,1000462,1671030
0,411222,1000432,1412152
0,671977,1000466,1673003
0,382191,1000267,1382721
0,670845,1000427,1671768
0,416968,1000288,1417555
0,671292,1000449,1672242
0,401959,1000304,1402581
0,671496,1000429,1672559
0,381324,1000274,1381892
0,669761,1000420,1670667
0,386049,1000286,1386627
0,672552,1000429,1673474
0,388175,1000277,1388758
0,669367,1000460,1670281
0,404911,1000279,1405486
0,671225,1000427,1672145
0,406797,1000273,1407361
0,673049,1000423,1673968
0,393470,1000338,1394122
0,671869,1000399,1673263
0,377411,1000275,1377984
0,669829,1000419,1670743
0,379616,1000292,1380220
0,669440,1000430,1670369
0,427168,1000278,1427737
0,671557,1000480,1672567
0,402223,1000311,1402846
0,670339,1000426,1671257
0,388911,1000276,1389476
0,671629,1000393,1672485
0,424782,1000280,1425352
0,670885,1000476,1671894
0,418373,1000260,1418893
0,669604,1000418,1670519
0,391207,1000336,1391865
0,670799,1000478,1671802
0,411444,1000262,1412352
0,670995,1000438,1671930
0,380595,1000255,1381547
0,404094,1000254,1404606
0,671231,1000459,1672227
0,426938,1000277,1427876
0,419294,1000301,1419913
0,675043,1000405,1676679
0,409666,1000278,1410569
0,387143,1000274,1387721
0,671689,1000464,1672748
0,384102,1000336,1384753
0,672026,1000390,1672866
0,397653,1000282,1398228
0,671974,1000488,1672941
0,385580,1000255,1386480
0,419900,1000257,1420777
0,423208,1000249,1424094
0,424964,1000305,1425589
0,670193,1000420,1671108
0,378168,1000296,1378776
0,672201,1000431,1673121
0,412380,1000278,1412955
0,672120,1000460,1673068
0,411670,1000357,1412325
0,399423,1000305,1399992
0,599706,1000424,1600639
0,672532,1000458,1673534
0,413765,1000285,1414348
0,18446744069415256642,1000423,18446744069416257561
0,381855,1000277,1382431
0,668646,1000393,1669492
0,403907,1000315,1404516
0,671269,1000412,1672177
0,381908,1000303,1382515
0,403903,1000294,1404510
0,684937,1000542,1686032
0,425351,1000297,1425958
0,674146,1000416,1675689
0,399419,1000272,1399980
0,674132,1000407,1675624
0,417900,1000327,1418526
0,396891,1000304,1397494
0,670576,1000468,1671598
0,613870,1000427,1614793
0,668700,1000286,1669280
0,670396,1000419,1671323
0,377584,1000293,1378185
0,672459,1000408,1673367
0,418339,1000277,1418905
0,670347,1000418,1671260
0,421353,1000280,1421897
0,671596,1000420,1672507
0,380118,1000256,1380638
0,383490,1000277,1384057
0,420190,1000257,1420707
0,404270,1000300,1404891
0,393300,1000278,1393868
0,670768,1000425,1671680
0,379947,1000275,1380509
0,393111,1000300,1393745
0,672412,1000429,1673328
0,416332,1000301,1416946
0,670481,1000459,1671481
0,378477,1000276,1379045
0,569856,1000423,1570772
0,670029,1000462,1671030
0,409578,1000301,1410195
0,670876,1000496,1671902
0,399447,1000286,1400023
0,432942,1000307,1433573
0,390275,1000283,1390854
0,672170,1000540,1673263
0,399688,1000302,1400303
0,670259,1000421,1671169
0,406887,1000256,1407772
0,415805,1000336,1416443
0,378412,1000404,1379115
0,393448,1000310,1394082
0,669995,1000419,1670860
0,402703,1000283,1403276
0,669872,1000416,1670778
0,377745,1000280,1378327
0,673634,1000468,1674643
0,422124,1000320,1422742
0,669681,1000451,1670626
0,381558,1000264,1382089
0,672033,1000424,1672950
0,380530,1000275,1381103
0,668890,1000421,1669799
0,404944,1000267,1405840
0,426921,1000286,1427847
0,411267,1000278,1412206
0,490226,1000470,1491236
0,669083,1000495,1670075
0,382558,1000306,1383180
0,670235,1000421,1671151
0,416687,1000304,1417308
0,672060,1000468,1673066
0,391372,1000305,1391992
0,673840,1000424,1674908
0,402519,1000284,1403170
0,676218,1000395,1677718
0,432210,1000361,1432867
0,393594,1000247,1394472
0,374698,1000255,1375576
0,415903,1000311,1416862
0,384745,1000300,1385358
0,673204,1000461,1674206
0,418524,1000276,1419101
0,669230,1000483,1670265
0,424435,1000278,1425009
0,671358,1000499,1672391
0,413280,1000282,1413861
0,672997,1000432,1673931
0,415347,1000307,1415950
0,672327,1000424,1673245
0,398649,1000283,1399224
0,671068,1000463,1672060
0,418477,1000283,1419048
0,670332,1000421,1671250
0,400239,1000307,1400839
0,669721,1000430,1670652
0,412268,1000281,1412847
0,671072,1000415,1671980
0,422542,1000282,1423120
0,670868,1000478,1671883
0,378322,1000279,1378896
0,669611,1000431,1670538
0,395428,1000326,1396052
0,417982,1000303,1418601
0,673290,1000443,1674864
0,428012,1000254,1428906
0,397984,1000257,1398844
0,423083,1000275,1424018
0,396759,1000283,1397307
0,669947,1000475,1670957
0,424324,1000324,1425309
0,380956,1000259,1381484
0,669175,1000453,1670128
0,395545,1000283,1396125
0,670893,1000471,1671905
0,388453,1000282,1389027
0,671418,1000424,1672344
0,412595,1000234,1413420
0,408245,1000237,1409065
0,401352,1000358,1402031
0,384789,1000304,1385425
0,670557,1000456,1671548
0,403397,1000284,1403975
0,670336,1000422,1671262
0,402984,1000275,1403934
0,394799,1000252,1395758
0,410990,1000275,1411910
0,397445,1000256,1398321
0,390312,1000307,1390936
0,671036,1000464,1672061
0,420979,1000283,1421655
0,668823,1000456,1669772
0,393283,1000302,1393902
0,671418,1000420,1672335
0,397098,1000341,1397748
0,580828,1000488,1581811
0,670462,1000434,1671391
0,539972,1000420,1540888
0,668758,1000519,1669746
0,379844,1000254,1380728
0,413164,1000295,1413776
0,671152,1000457,1672149
0,415612,1000301,1416228
0,670552,1000430,1671532
0,414513,1000273,1415087
0,673439,1000424,1674492
0,411869,1000278,1412444
0,672269,1000481,1673280
0,615684,1000473,1616694
0,659938,1000254,1660835
0,408049,1000347,1408717
0,417379,1000257,1417899
0,672680,1000431,1673670
0,474854,1000421,1475772
0,671792,1000421,1672712
0,388276,1000303,1388891
0,673742,1000439,1675321
0,420755,1000280,1421320
0,671648,1000506,1672692
0,417038,1000284,1417610
0,671178,1000421,1672090
0,424315,1000280,1424893
0,670891,1000420,1671805
0,422049,1000282,1422626
0,670588,1000423,1671514
0,423150,1000310,1423777
0,671215,1000422,1672127
0,391483,1000303,1392108
0,669380,1000431,1670308
0,426425,1000279,1427001
0,674828,1000441,1676398
0,381671,1000292,1382607
0,404877,1000329,1405539
0,671447,1000448,1672392
0,538861,1000485,1539901
0,671534,1000438,1672467
0,384478,1000351,1385156
0,671934,1000421,1672860
0,406605,1000282,1407179
0,672086,1000479,1673123
0,408337,1000284,1408917
0,671191,1000437,1672760
0,425093,1000281,1425672
0,667993,1000490,1669077
0,393834,1000262,1394390
0,671046,1000482,1672062
0,413139,1000301,1413753
0,671378,1000422,1672286
0,383602,1000261,1384127
0,672850,1000476,1673852
0,406174,1000275,1406739
0,668555,1000471,1669530
0,636426,1000486,1637400
0,670468,1000332,1671114
0,674178,1000427,1675101
0,383770,1000273,1384403
0,671444,1000416,1672350
0,406943,1000299,1407565
0,671607,1000403,1672496
0,398124,1000282,1398701
0,668052,1000496,1669070
0,377926,1000258,1378447
0,673255,1000423,1674325
0,475923,1000463,1476920
0,672262,1000496,1673304
0,382827,1000304,1383447
0,671525,1000425,1672588
0,386797,1000282,1387378
0,671802,1000431,1672869
0,374022,1000280,1374592
0,670066,1000476,1671079
0,387418,1000276,1387986
0,673347,1000423,1674268
0,422959,1000280,1423522
0,670470,1000430,1671396
0,407765,1000277,1408329
0,670488,1000479,1671506
0,400485,1000282,1401127
0,669945,1000420,1670865
0,401432,1000300,1402049
0,671611,1000421,1672534
0,422066,1000299,1422676
0,671375,1000389,1672223
0,390402,1000279,1390971
0,684520,1000484,1686433
0,392241,1000320,1393226
0,419281,1000285,1419852
0,389711,1000261,1390239
0,674917,1000436,1675880
0,416307,1000283,1416882
0,671966,1000463,1672919
0,429069,1000277,1429638
0,417604,1000283,1418253
0,381644,1000262,1382175
0,673120,1000468,1674129
0,410893,1000280,1411532
0,671610,1000409,1672509
0,595182,1000468,1596187
0,677147,1000347,1678156
0,417646,1000292,1418268
0,408602,1000347,1409646
0,386675,1000336,1387769
0,406984,1000334,1407985
0,382690,1000322,1383681
0,426604,1000279,1427181
0,673345,1000430,1674278
0,423250,1000308,1423872
0,673843,1000438,1674784
0,461801,1000500,1462850
0,671914,1000466,1672879
0,418251,1000277,1418898
0,669246,1000430,1670164
0,413714,1000287,1414364
0,670255,1000475,1671262
0,426899,1000307,1427517
0,671471,1000429,1672409
0,381986,1000279,1382626
0,672314,1000423,1673236
0,381498,1000284,1382148
0,671011,1000420,1671929
0,416158,1000275,1416729
0,669457,1000474,1670498
0,397220,1000285,1397799
0,382996,1000286,1383576
0,415574,1000302,1416193
0,669934,1000430,1670863
0,419167,1000274,1419737
0,671351,1000418,1672257
0,380181,1000305,1380802
0,671526,1000422,1672449
0,395171,1000280,1395747
0,410561,1000281,1411142
0,380068,1000278,1380642
0,387261,1000277,1387909
0,672059,1000418,1672968
0,422570,1000282,1423142
0,400162,1000273,1400731
0,418919,1000283,1419482
0,672616,1000459,1673568
0,403951,1000302,1404571
0,398857,1000305,1399454
0,671509,1000451,1672471
0,382109,1000253,1382614
0,672207,1000485,1673222
0,380364,1000300,1380971
0,674441,1000384,1675272
0,413215,1000294,1413821
0,674400,1000558,1675507
0,378552,1000291,1379144
0,673353,1000497,1674363
0,413758,1000275,1414334
0,683367,1000522,1684385
0,381341,1000317,1381958
0,673187,1000538,1674268
0,409989,1000302,1410608
0,672251,1000419,1673168
0,408838,1000302,1409444
0,671988,1000447,1672930
0,409766,1000278,1410328
0,670966,1000479,1671918
0,384586,1000300,1385190
0,673756,1000384,1674583
0,380475,1000304,1381063
0,671282,1000453,1672223
0,416390,1000301,1417000
0,671410,1000464,1672404
0,493011,1000411,1493929
0,672887,1000486,1673908
0,390558,1000300,1391154
0,674090,1000397,1675110
0,398516,1000285,1399102
0,674541,1000463,1675506
0,398634,1000308,1399266
0,673274,1000486,1674292
0,384744,1000292,1385353
0,671972,1000427,1672895
0,406986,1000316,1407585
0,671466,1000423,1672399
0,429943,1000279,1430517
0,672362,1000483,1673381
0,412898,1000369,1413584
0,670664,1000491,1671699
0,422938,1000288,1423484
0,671621,1000452,1672578
0,421352,1000300,1421936
0,672590,1000484,1673644
0,425496,1000270,1426049
0,672840,1000390,1673679
0,390574,1000302,1391191
0,671630,1000475,1672643
0,422656,1000312,1423266
0,674292,1000425,1675222
0,435739,1000430,1436700
0,673446,1000495,1674467
0,400563,1000302,1401183
0,670250,1000426,1671319
0,386430,1000277,1387002
0,673238,1000429,1674158
0,377350,1000302,1377967
0,673719,1000420,1674775
0,377977,1000279,1378557
0,674373,1000424,1675287
0,393215,1000282,1393776
0,672337,1000489,1673361
0,394247,1000282,1394828
0,676044,1000437,1676986
0,401238,1000276,1401811
0,671950,1000418,1672866
0,411650,1000276,1412220
0,672924,1000412,1673817
0,420284,1000276,1420850
0,673376,1000395,1674218
0,427280,1000266,1427820
0,673853,1000419,1674821
0,405713,1000306,1406338
0,673126,1000432,1674044
0,381381,1000274,1381940
0,675122,1000433,1676052
0,419261,1000299,1419880
0,673837,1000474,1674847
0,419444,1000301,1420070
0,672128,1000422,1673038
0,393844,1000304,1394435
0,673781,1000414,1674694
0,421617,1000280,1422257
0,671961,1000397,1672818
0,396024,1000281,1396604
0,675078,1000486,1676111
0,410973,1000275,1411533
0,672424,1000416,1673439
0,390237,1000271,1390795
0,673929,1000432,1674849
0,389776,1000253,1390668
0,671600,1000457,1672643
0,404565,1000250,1405069
0,673061,1000484,1674094
0,406931,1000275,1407512
0,672035,1000421,1672948
0,424054,1000315,1424696
0,673612,1000424,1674521
0,601071,1000491,1602118
0,670674,1000282,1671249
0,671330,1000475,1672348
0,382893,1000274,1383452
0,671150,1000476,1672164
0,407899,1000289,1408491
0,671850,1000505,1672884
0,408976,1000280,1409548
0,671466,1000484,1672529
0,414814,1000267,1415701
0,414117,1000256,1414997
0,410759,1000272,1411676
0,403618,1000271,1404536
0,400623,1000269,1401551
0,382926,1000274,1383476
0,674015,1000410,1674906
0,380567,1000271,1381119
0,670549,1000418,1671462
0,426367,1000298,1426957
0,670134,1000416,1671035
0,389879,1000275,1390451
0,671051,1000459,1672054
0,405425,1000305,1406028
0,674336,1000420,1675256
0,401325,1000281,1401918
0,671253,1000386,1672707
0,426815,1000250,1427691
0,412169,1000275,1413086
0,404833,1000269,1405760
0,410165,1000286,1410750
0,673005,1000431,1674070
0,387957,1000235,1388760
0,670892,1000394,1672356
0,420706,1000256,1421573
0,387772,1000295,1388402
0,670972,1000413,1671918
0,393909,1000276,1394484
0,674370,1000475,1675390
0,376102,1000299,1376731
0,669711,1000467,1670729
0,399577,1000310,1400178
0,672163,1000439,1673112
0,415512,1000277,1416074
0,672410,1000385,1673860
0,378334,1000294,1378924
0,670204,1000434,1671857
0,413030,1000312,1413717
0,669796,1000451,1670787
0,386503,1000279,1387057
0,673581,1000412,1674482
0,380602,1000291,1381203
0,671685,1000460,1672667
0,376773,1000259,1377653
0,381577,1000284,1382165
0,672003,1000394,1673472
0,407452,1000272,1408368
