42378,425237,1000190,1467925
329754,724494,1000367,2054798
155921,460564,1000203,1616799
149958,709949,1000281,1860408
110909,459385,1000187,1570605
236033,714060,1000282,1950593
122132,473897,1000200,1596365
184421,711706,1000262,1896548
77335,437431,1000203,1515079
155134,711238,1000326,1866874
330812,458335,1000204,1789468
62705,708416,1000283,1771653
140806,449526,1000202,1590662
104553,715394,1000279,1820407
129853,466451,1000201,1596641
253876,711141,1000280,1965513
147438,660232,1000276,1808169
73658,682020,1000202,1755994
248706,453838,1000245,1702929
204970,710360,1000276,1915830
181694,441791,1000177,1624101
161448,439491,1000198,1601268
76414,709887,1000287,1786809
215045,458978,1000205,1674366
159230,715754,1000282,1875470
136933,453151,1000190,1590392
147031,715212,1000289,1862754
88427,476051,1000200,1564808
118048,717131,1000260,1836228
35933,438974,1000183,1475556
140014,469784,1000186,1610419
419892,459831,1000226,1880086
118661,577868,1000260,1696989
85480,716877,1000271,1803410
154216,450006,1000187,1604892
148358,546135,1000277,1695543
34716,720483,1000266,1755664
77907,464425,1000188,1542636
197065,709681,1000284,1907246
167757,451563,1000199,1619626
210037,711312,1000280,1921841
74072,461074,1000204,1535489
294626,711118,1000284,2006199
194037,461020,1000202,1655410
75700,709845,1000286,1786027
134137,445820,1000197,1580285
273665,716956,1000283,1991121
356943,444007,1000204,1801289
401973,716749,1000230,2119091
202590,462050,1000227,1665024
89041,717956,1000281,1807499
200694,455070,1000203,1656101
178402,718198,1000278,1897141
115504,430608,1000234,1546471
139060,458132,1000211,1597524
273258,477905,1000220,1751523
218049,429006,1000195,1647386
86726,724995,1000324,1812264
371247,436575,1000202,1808178
221035,708891,1000286,1930430
49807,470438,1000203,1520897
316923,457510,1000184,1774734
74141,706596,1000286,1781230
268159,435034,1000202,1703527
234061,711766,1000299,1946306
179506,460030,1000201,1639872
111152,711296,1000278,1822906
157596,573876,1000295,1732026
159632,715721,1000281,1875857
131784,432956,1000203,1565073
333480,723642,1000316,2057661
59743,428175,1000204,1488262
93343,718728,1000276,1812554
116982,460037,1000202,1577351
143770,709458,1000285,1853731
346898,450948,1000223,1798181
153325,709520,1000284,1863347
141172,427859,1000200,1569347
56568,714008,1000290,1771083
136831,432296,1000197,1569457
106581,714676,1000284,1821799
195726,435989,1000185,1632019
320970,726193,1000325,2047676
266117,457853,1000206,1724310
253117,712519,1000289,1966147
91410,457737,1000366,1549731
76820,712018,1000277,1789330
130911,438976,1000206,1570253
105850,731988,1000301,1838346
191793,425445,1000196,1617559
115139,716260,1000286,1831862
146619,452963,1000198,1600232
255230,715466,1000268,1971737
182811,427090,1000200,1610236
272281,718842,1000286,1991587
47666,431731,1000232,1479766
56144,713279,1000282,1769918
128935,610732,1000290,1740179
188023,634481,1000201,1822836
227720,708302,1000277,1936494
165328,472363,1000283,1638192
213368,708909,1000285,1922783
95467,460717,1000214,1556508
51912,425230,1000199,1477471
169683,710638,1000283,1880801
375974,451726,1000224,1828058
273816,453288,1000199,1727444
295876,712348,1000286,2008768
99080,474083,1000195,1573481
168596,716911,1000287,1886014
116470,453951,1000207,1570760
115225,709363,1000286,1825124
207668,459151,1000207,1667139
30681,709160,1000283,1740334
93913,476636,1000199,1570875
175176,711282,1000280,1886950
101108,448463,1000204,1549901
114622,450156,1000196,1565101
130786,714419,1000286,1845663
286308,463445,1000202,1750090
65361,715180,1000283,1781034
108546,470660,1000202,1579535
226986,713187,1000287,1940682
73166,710574,1000289,1784212
59448,465480,1000198,1525233
136357,718570,1000283,1855424
71569,442600,1000197,1514477
36734,708361,1000283,1745595
396222,456721,1000258,1853342
299338,474358,1000228,1774059
199353,458228,1000202,1657921
110453,710903,1000280,1821856
194049,454570,1000240,1648976
139452,711954,1000286,1851865
370594,437738,1000261,1808736
245785,714731,1000282,1960965
56848,442176,1000186,1499327
95581,716087,1000276,1812205
47146,461207,1000200,1508663
83685,450372,1000203,1534371
139531,712000,1000282,1852026
196891,485575,1000239,1682844
311448,464253,1000222,1776058
181041,715115,1000285,1896650
300482,443311,1000223,1744125
755716,556681,1000205,2312755
197851,712968,1000300,1911345
171386,447489,1000198,1619207
155159,715633,1000265,1871254
75908,457785,1000206,1534033
112804,710161,1000287,1823422
44390,434812,1000233,1479568
49881,710364,1000285,1760751
164358,402261,1000236,1566998
86582,454850,1000200,1541785
42720,435787,1000185,1478815
220354,708131,1000284,1928983
243267,449170,1000205,1692779
229714,714670,1000289,1944895
252787,447215,1000204,1700342
52740,467692,1000202,1520771
129240,447997,1000206,1577557
211545,718843,1000279,1930930
256410,452238,1000207,1709010
170075,470698,1000199,1641106
191975,712930,1000290,1905414
181840,427802,1000209,1609982
100703,448756,1000197,1549797
188875,456857,1000210,1646056
251871,477650,1000199,1729854
449735,450378,1000198,1900467
86158,708140,1000289,1794802
314234,452788,1000208,1767387
98399,711534,1000282,1810432
73627,470881,1000191,1544800
174053,456855,1000202,1631247
39399,441060,1000203,1480793
116434,718186,1000293,1835097
138571,459983,1000206,1598900
148482,712644,1000298,1861644
106476,466907,1000207,1573748
119940,726710,1000330,1847189
62267,473274,1000224,1535906
209389,460748,1000202,1670475
141634,714173,1000310,1856334
109067,711933,1000270,1821476
249001,427611,1000205,1676935
52457,447884,1000203,1500685
379958,444785,1000201,1825059
134233,434337,1000203,1568909
313357,447335,1000196,1761021
349903,459029,1000259,1809347
88887,426776,1000197,1515972
453135,714300,1000242,2167792
286439,710660,1000283,1997599
92864,472010,1000208,1565197
42220,712301,1000292,1755034
94075,435206,1000203,1529615
139234,711027,1000285,1850765
204052,645540,1000283,1850097
84397,686217,1000204,1770952
251101,712387,1000312,1963984
180507,458884,1000205,1639733
223244,717929,1000284,1941679
147480,431185,1000207,1579004
103167,714806,1000285,1818476
79862,454007,1000203,1534206
73602,726930,1000345,1801069
159133,540116,1000286,1699752
51721,714401,1000298,1766599
183357,435054,1000196,1618762
298399,712280,1000261,2011100
226536,458624,1000212,1685512
77665,717027,1000317,1795184
39008,466111,1000323,1505582
274930,724610,1000337,2000100
75285,457798,1000292,1533601
62950,721058,1000288,1784513
107172,461035,1000202,1568541
193151,716029,1000333,1909731
64043,517840,1000292,1582397
58384,715734,1000287,1774625
152115,462912,1000233,1615393
286183,711598,1000281,1998275
202805,452357,1000198,1655495
128314,712992,1000283,1841803
164176,619708,1000264,1784352
88973,694220,1000213,1783543
56982,708779,1000288,1766267
105512,475109,1000180,1580921
95861,444199,1000202,1540391
167075,468697,1000205,1636133
43321,446987,1000209,1490648
77427,462518,1000200,1540283
277297,462510,1000233,1740179
169431,425451,1000203,1595222
266253,729556,1000344,1996375
53932,475246,1000204,1529521
178881,714822,1000270,1894131
328928,434399,1000321,1763764
206779,720268,1000321,1927596
136119,438045,1000203,1574502
42124,712392,1000287,1754980
138295,430636,1000189,1569246
184002,451330,1000204,1635672
147064,443043,1000206,1590427
90447,716415,1000283,1807370
401064,440358,1000205,1841769
151341,709635,1000288,1861484
383784,424747,1000207,1808871
212280,718750,1000286,1931536
90564,477992,1000227,1568927
142764,470099,1000202,1613203
222994,716244,1000281,1939785
418479,451341,1000231,1870207
167806,713275,1000282,1881582
375839,449147,1000225,1825369
60325,472584,1000224,1533279
353152,717675,1000268,2071298
834888,531705,1000363,2367137
289290,710614,1000231,2000277
89984,440965,1000210,1531276
237590,471646,1000231,1709609
290404,454929,1000204,1745674
112533,707890,1000283,1820927
262472,432718,1000241,1695561
138832,475668,1000201,1614834
172208,714071,1000287,1886744
50853,462334,1000208,1513549
78986,715578,1000289,1795070
92034,451965,1000233,1544368
84086,710585,1000290,1795224
255862,424300,1000186,1680471
205167,714879,1000286,1920539
112394,436214,1000231,1548974
121269,709971,1000286,1831745
212871,451166,1000201,1664374
251781,471333,1000223,1723480
255905,471083,1000202,1727325
130482,444200,1000199,1575035
104704,715643,1000280,1820853
102019,468225,1000234,1570617
200680,709802,1000290,1910994
97246,732541,1000326,1830341
66097,427327,1000204,1493764
185089,714156,1000286,1899748
401683,458194,1000223,1860237
154610,445054,1000239,1600060
422685,702141,1000235,2125200
111095,439434,1000256,1550898
125687,713752,1000287,1839942
118554,431982,1000199,1550870
100367,709163,1000283,1810032
323079,450377,1000228,1773850
77631,443636,1000208,1521593
141854,710178,1000289,1852496
219995,457821,1000212,1678183
254156,430585,1000189,1685049
62901,441288,1000207,1504535
222815,719023,1000282,1942340
94393,431122,1000210,1525837
112040,721697,1000330,1834284
175880,460386,1000200,1636601
181491,726262,1000335,1908312
243630,430929,1000232,1674908
49983,721667,1000326,1772205
135899,437946,1000201,1574204
103440,713729,1000298,1817646
67342,456726,1000195,1524385
79827,713495,1000286,1793823
138414,574304,1000288,1713222
259743,635783,1000283,1895940
45569,714061,1000295,1760104
201900,445178,1000207,1647408
107876,454176,1000212,1562397
159283,457213,1000207,1616839
107639,461952,1000226,1569949
564656,454450,1000249,2019494
203645,461775,1000235,1665798
89114,462045,1000229,1551528
91478,713942,1000275,1806444
371511,477032,1000233,1848888
82744,443776,1000202,1526858
58527,717058,1000292,1776055
270818,432644,1000189,1703753
72778,467561,1000200,1540669
73652,713109,1000293,1787229
163479,450677,1000201,1614493
46732,716032,1000282,1763225
133511,424245,1000210,1558104
118496,719052,1000280,1838043
279884,459667,1000204,1739889
151635,717908,1000266,1870045
67478,441763,1000200,1509578
79029,465077,1000228,1544473
103796,471492,1000205,1575644
277721,713520,1000299,1991758
133001,450510,1000205,1583847
223144,711594,1000284,1935240
300959,448557,1000204,1749856
179471,710620,1000276,1890582
87065,422847,1000201,1510246
385569,714332,1000270,2100387
68648,436336,1000204,1505324
128155,717148,1000277,1845795
195254,449959,1000203,1645557
411466,724531,1000226,2136360
195956,441941,1000204,1638236
113268,717661,1000289,1831435
66633,447978,1000207,1514951
105578,719094,1000284,1825174
110810,570259,1000276,1681560
94974,719279,1000285,1814755
70512,457504,1000199,1528349
147706,457333,1000199,1605374
215341,715046,1000284,1930888
160070,428188,1000198,1588589
100231,710608,1000284,1811331
226196,468662,1000189,1695187
114796,439556,1000196,1554683
191297,713189,1000291,1904994
121531,454470,1000230,1576360
47397,457909,1000203,1505644
396059,724913,1000328,2121481
264389,468752,1000207,1733485
34659,440295,1000202,1475294
72181,713730,1000288,1786420
384810,428311,1000222,1813499
44115,452723,1000207,1497158
170633,714585,1000293,1885731
119768,530090,1000263,1650319
236300,713610,1000288,1950383
42339,449717,1000209,1492420
185988,455645,1000213,1641984
376947,721880,1000266,2099291
216155,429159,1000200,1645669
278495,715242,1000274,1994234
92301,528634,1000284,1621436
126558,711531,1000312,1838618
72506,451912,1000201,1524757
236616,708896,1000285,1946059
127396,431432,1000199,1559162
83445,716703,1000284,1800653
51204,467445,1000204,1518993
358238,458148,1000231,1816757
92643,445473,1000204,1538454
118532,715796,1000278,1834826
240531,474419,1000200,1715287
359473,726794,1000237,2086658
79882,463192,1000203,1543414
133549,711960,1000272,1846000
64269,443780,1000209,1508369
87448,427293,1000203,1515081
423595,730429,1000322,2154569
564821,431520,1000227,1996701
112337,450126,1000204,1562809
77059,711238,1000298,1788777
351918,476105,1000227,1828385
374878,460224,1000215,1835444
139988,449172,1000204,1589497
194930,710168,1000278,1905586
49515,466660,1000208,1516516
132310,713170,1000283,1846025
186887,445934,1000202,1633178
107189,450925,1000238,1558488
29540,716119,1000290,1746128
368983,443016,1000238,1812384
66869,451034,1000215,1518236
488610,684815,1000232,2173820
52317,440474,1000206,1493111
104991,709847,1000320,1815378
310090,438084,1000228,1748545
203508,467266,1000192,1671073
87244,457269,1000216,1544870
72708,718741,1000268,1791931
61164,713533,1000265,1775172
221741,442490,1000207,1664551
356688,438600,1000226,1795655
226848,423260,1000191,1650416
290034,709664,1000285,2000202
130750,433855,1000204,1564947
181990,714643,1000285,1897177
153317,445349,1000201,1598980
73653,716438,1000296,1790608
263785,455640,1000237,1719794
86663,429526,1000200,1516523
55924,463086,1000207,1519330
270515,711866,1000289,1982941
43004,659995,1000285,1703464
141069,612665,1000207,1754057
63964,714414,1000296,1778889
184031,440408,1000200,1624776
239839,716773,1000286,1957085
180797,427627,1000208,1608743
61645,422864,1000184,1484815
235009,478536,1000226,1713911
210074,444130,1000201,1654559
154803,715110,1000266,1870428
280747,474734,1000200,1755812
149803,445689,1000197,1595855
443240,456671,1000202,1900223
138153,447889,1000189,1586336
236730,463789,1000196,1700847
114277,451283,1000191,1565871
178331,432400,1000204,1611051
30746,462585,1000207,1493675
72171,439363,1000202,1511875
471852,448700,1000262,1920916
397106,450090,1000241,1847557
54970,459516,1000189,1514780
309978,716541,1000263,2026985
101634,445386,1000224,1547378
228789,432576,1000209,1661688
46361,717652,1000265,1764435
82444,427278,1000199,1510051
95962,453740,1000198,1550033
88848,475390,1000196,1564567
316560,399030,1000231,1715959
115527,433668,1000200,1549551
71710,708572,1000288,1780784
35817,432942,1000199,1469114
131394,708897,1000289,1840799
531796,445573,1000233,1977744
157230,477523,1000204,1635091
170770,709154,1000266,1880388
68391,431112,1000201,1499842
153205,456709,1000200,1610249
203250,711811,1000267,1915571
147856,464352,1000279,1612747
487666,608109,1000216,2096163
346197,729024,1000337,2075781
201347,479336,1000227,1681069
85462,429715,1000205,1515518
246648,715405,1000285,1962561
92922,449608,1000206,1542854
133133,712340,1000284,1845973
275136,453933,1000202,1729407
50568,710295,1000287,1761363
160539,452789,1000203,1613667
99849,461124,1000207,1561293
67959,437888,1000200,1506203
122166,461968,1000205,1584470
64209,715868,1000264,1780541
257902,471345,1000201,1729584
156915,715495,1000289,1872911
192274,455389,1000205,1648005
94549,440459,1000204,1535350
66794,621117,1000342,1688511
180854,669976,1000212,1851156
313704,452028,1000225,1766097
53100,443631,1000186,1497038
297309,718013,1000286,2015822
304900,458572,1000209,1763818
59462,456931,1000264,1516774
89669,428576,1000204,1518584
275017,715243,1000287,1990766
225999,500635,1000257,1727089
270819,684621,1000212,1955786
156920,430283,1000204,1587520
67546,712037,1000291,1780046
70808,444930,1000209,1516080
194170,710955,1000285,1905629
141132,447221,1000232,1588701
63417,460442,1000229,1524227
108407,438720,1000201,1547465
224756,441130,1000206,1666232
42577,445017,1000205,1487934
101105,715111,1000286,1816726
205705,441024,1000208,1647054
443668,724846,1000327,2169064
165946,460203,1000209,1626486
164290,462515,1000191,1627117
127322,477252,1000204,1604910
333350,725191,1000327,2059089
204824,456923,1000184,1662072
213278,712776,1000284,1926516
236118,595306,1000287,1831968
246271,660637,1000206,1907230
115760,710274,1000280,1826571
172573,431316,1000206,1604208
153745,709735,1000296,1863996
179679,443443,1000197,1623455
141989,715296,1000285,1857785
53970,446225,1000188,1500503
164557,470334,1000237,1635284
66405,453936,1000198,1520675
176183,707591,1000284,1884267
72301,443415,1000203,1516054
249210,446155,1000200,1695697
145526,708726,1000285,1854757
140338,449685,1000241,1590404
385400,713900,1000278,2099795
171537,443966,1000203,1615844
42194,442118,1000230,1484681
47658,473419,1000207,1521398
103653,711732,1000314,1815955
206618,432186,1000208,1639146
66261,478337,1000203,1544938
333514,732451,1000337,2066486
136156,472647,1000204,1609141
253082,711014,1000284,1964599
101247,443228,1000205,1544810
144984,721651,1000293,1867112
190487,468433,1000202,1659254
77615,711995,1000286,1790117
402218,451933,1000211,1854463
522914,461884,1000258,1985171
227981,428189,1000209,1656511
413990,729474,1000336,2144037
148955,432287,1000205,1581588
35171,434573,1000208,1470087
85457,715892,1000295,1801905
48065,450927,1000204,1499310
257226,451124,1000227,1708695
252147,447005,1000219,1699517
177899,434364,1000209,1612589
199399,709429,1000285,1909334
231965,448132,1000201,1680436
31351,708868,1000282,1740723
125388,438409,1000201,1564131
61476,714744,1000262,1776677
57106,462112,1000201,1519553
154892,715424,1000314,1870848
212315,471968,1000200,1684597
315023,711137,1000262,2026660
204524,432890,1000199,1637752
622443,606220,1000198,2228989
69445,712399,1000294,1782452
162326,461856,1000204,1624524
316904,478255,1000212,1795485
81713,714226,1000297,1796461
138613,427926,1000198,1566892
227386,453615,1000205,1681344
220254,715010,1000342,1935830
227269,476009,1000224,1703636
274129,438616,1000206,1713091
180690,732818,1000431,1914167
128630,430284,1000202,1559252
385790,732852,1000331,2119247
137904,476753,1000219,1615018
161721,435796,1000205,1597859
256560,713535,1000280,1970599
179099,460691,1000208,1640131
88291,731609,1000283,1820969
233129,470333,1000202,1703795
264583,725682,1000328,1990817
44442,437484,1000202,1482263
184027,708587,1000260,1893074
173492,435073,1000184,1608887
290440,710671,1000288,2001574
165871,558657,1000279,1724991
98018,717445,1000277,1816503
74987,446690,1000189,1522007
59556,727704,1000337,1787822
627917,450180,1000207,2078437
136720,713564,1000325,1850827
97030,426337,1000227,1523710
109575,453271,1000200,1563182
106022,719625,1000290,1826114
262884,490503,1000282,1753888
117403,717288,1000288,1835156
75423,469977,1000202,1545737
63408,711512,1000291,1775389
345951,432025,1000225,1778337
205729,440030,1000200,1646068
187526,713075,1000285,1901104
526563,461238,1000222,1988157
52952,422972,1000204,1476265
179740,726624,1000336,1906925
35999,423262,1000199,1459593
129708,709825,1000287,1840036
172013,453286,1000201,1625637
101029,712719,1000275,1814201
291411,449237,1000208,1740987
98308,712265,1000280,1811068
131939,447009,1000201,1579286
105348,716443,1000300,1822314
231754,437259,1000198,1669343
57348,436579,1000198,1494279
116386,459293,1000209,1576019
51791,718304,1000289,1770567
196229,442727,1000200,1639295
157485,711019,1000258,1868961
254177,476222,1000202,1730740
89821,454989,1000199,1545144
171892,708346,1000284,1880741
25420,463969,1000204,1489729
241851,717936,1000284,1960254
36314,468797,1000205,1505450
78300,715526,1000286,1794363
198057,476564,1000199,1674932
435007,720371,1000233,2155752
309454,459114,1000222,1768913
60463,460651,1000192,1521428
54005,710867,1000289,1765380
188048,456614,1000206,1645026
107683,717057,1000279,1825229
160211,474618,1000201,1635168
344462,722631,1000331,2067650
346702,584784,1000332,1932045
124072,704637,1000211,1829054
199206,451746,1000197,1651272
387074,441354,1000233,1828777
188582,446216,1000191,1635110
77134,442837,1000204,1520308
285727,454265,1000200,1740347
341994,721432,1000323,2064015
144415,475297,1000208,1620074
224560,711389,1000290,1936458
156085,448200,1000188,1604573
761583,482726,1000260,2244712
90217,442593,1000238,1533157
159162,708562,1000288,1868225
225637,449251,1000199,1675202
169929,429626,1000200,1599887
128988,710485,1000286,1839973
45529,450208,1000202,1496077
56689,709869,1000288,1767028
411924,432823,1000258,1845141
74544,449417,1000228,1524307
221478,514282,1000261,1736175
98039,707782,1000283,1806312
110111,430733,1000209,1541186
179462,711812,1000289,1891782
179161,454350,1000206,1633852
74606,711235,1000265,1786264
95285,453391,1000205,1549011
107355,711886,1000283,1819744
51269,428067,1000202,1479670
82562,422651,1000206,1505579
101632,717825,1000280,1819956
123498,466584,1000202,1590419
140319,454486,1000194,1595102
57412,452295,1000200,1510061
74227,710058,1000282,1784779
149656,450412,1000206,1600387
121769,422915,1000203,1544999
176067,714423,1000290,1890999
100296,477995,1000216,1578645
178039,722142,1000325,1900730
175104,461385,1000273,1636896
58114,476204,1000327,1534900
133581,725202,1000327,1859328
96635,727084,1000332,1824312
168009,426195,1000189,1594869
89291,427099,1000202,1516723
200914,448469,1000234,1649748
192459,715547,1000291,1908517
295671,436491,1000201,1732520
173840,710495,1000305,1884860
207581,432127,1000192,1640044
126285,721785,1000327,1848619
69920,429024,1000192,1499261
119822,710978,1000286,1831305
129020,456462,1000189,1585794
210595,714564,1000267,1925630
263119,450103,1000208,1713541
301296,724390,1000324,2026189
159566,469496,1000208,1629424
41778,708590,1000286,1750873
64308,455203,1000199,1520147
105408,714350,1000291,1820273
130381,462691,1000204,1593407
72484,441455,1000299,1514375
340475,471007,1000222,1811847
117038,494386,1000285,1611887
49908,715142,1000261,1765513
224006,464132,1000207,1688483
184872,430938,1000199,1616172
245848,713064,1000281,1959413
192199,452886,1000206,1645403
96761,709058,1000278,1806312
182297,436537,1000186,1619125
62259,718097,1000286,1780862
118833,465510,1000196,1584661
146393,708305,1000285,1855161
121433,448910,1000203,1570683
204135,716036,1000285,1920673
121452,478069,1000201,1599837
196393,453669,1000203,1650398
269726,469525,1000186,1739538
189827,445021,1000199,1635183
110415,710401,1000285,1821318
125811,448488,1000203,1574639
126303,424407,1000205,1551049
297677,446501,1000183,1744500
144437,434870,1000227,1579695
269609,475964,1000201,1745887
126028,709295,1000295,1835794
210587,458521,1000203,1669447
221392,707699,1000282,1929594
47872,437405,1000208,1485622
221911,714921,1000284,1937335
167676,435738,1000199,1603748
241274,714783,1000262,1956521
63012,465623,1000202,1528971
231985,467765,1000199,1700087
141860,714098,1000278,1856498
85566,443407,1000198,1529323
129214,710729,1000279,1840441
69620,440640,1000197,1510592
64912,714651,1000288,1780031
178861,465355,1000211,1644565
290809,714162,1000286,2005476
369027,469726,1000209,1839087
88141,453007,1000189,1541462
98275,733258,1000328,1832131
72438,460038,1000202,1532791
89945,709060,1000285,1799507
67595,448128,1000202,1516088
78595,726647,1000338,1805800
247691,451678,1000199,1699701
58885,715808,1000315,1775228
179430,454754,1000186,1634515
279997,716529,1000288,1997034
308232,459947,1000204,1768520
76713,448100,1000207,1525131
64710,460185,1000205,1525236
195265,715466,1000256,1911223
143336,440950,1000202,1584629
61437,714449,1000277,1776422
105283,443452,1000209,1549104
146643,713757,1000287,1860861
72044,427112,1000198,1499484
219830,709354,1000265,1929643
117260,458719,1000185,1576266
140488,459306,1000207,1600135
175736,713149,1000291,1889396
102671,453362,1000205,1556380
114607,710008,1000278,1825113
182057,472162,1000186,1654527
97934,441696,1000209,1539972
420650,437953,1000278,1859015
153163,430423,1000204,1583922
198442,709548,1000283,1908492
166631,452461,1000207,1619431
153250,465938,1000203,1619529
311210,715902,1000312,2027642
90287,443521,1000209,1534153
217120,707359,1000310,1924960
97400,432133,1000202,1529868
41004,433740,1000200,1475055
200807,709108,1000277,1910404
190835,443477,1000203,1634670
56315,602737,1000366,1659637
216395,646414,1000206,1863174
259515,713185,1000291,1973174
253317,467492,1000276,1721306
148880,710585,1000286,1859928
146856,462630,1000206,1609829
112037,718952,1000289,1831494
414757,449192,1000231,1864319
218344,431194,1000201,1649874
236005,458507,1000207,1694854
204483,475436,1000203,1680261
176260,710560,1000265,1887282
190582,463409,1000198,1654301
141462,713563,1000316,1855516
174272,453683,1000206,1628293
455046,682651,1000205,2138035
169231,708600,1000317,1878365
253340,427037,1000194,1680692
117376,478048,1000204,1595765
89854,710886,1000281,1801239
60889,468708,1000185,1529923
149231,711121,1000282,1860852
53990,454857,1000203,1509185
339196,460524,1000207,1800060
67222,719061,1000286,1786785
115047,468906,1000197,1584283
547393,457817,1000227,2005576
106044,594128,1000372,1700764
204944,659439,1000208,1864723
77507,426782,1000206,1504625
147909,510950,1000284,1659357
105339,711704,1000282,1817545
71236,454823,1000203,1526393
414255,430703,1000203,1845277
78714,477629,1000203,1556685
49432,464517,1000224,1514311
232725,438635,1000188,1671667
253315,718187,1000281,1972004
87357,421499,1000203,1509199
74271,716049,1000323,1790866
114617,449074,1000210,1564035
304458,710430,1000287,2015391
81398,611096,1000277,1692990
498768,497717,1000223,1996841
147789,428366,1000202,1576489
256877,708868,1000289,1966252
57669,609592,1000280,1667757
165682,660329,1000210,1826334
219822,453084,1000208,1673245
337375,722393,1000327,2060316
89056,432041,1000201,1521429
105187,709535,1000267,1815206
420026,448287,1000226,1868680
70941,530603,1000291,1602010
127222,707994,1000284,1835715
303241,465775,1000197,1769347
125873,716028,1000285,1842401
55525,440905,1000206,1496769
88259,705379,1000280,1794136
166927,439374,1000207,1606639
601449,432718,1000246,2034536
31266,440363,1000203,1471945
151376,708191,1000288,1860073
105793,465334,1000201,1571461
85626,715753,1000273,1801874
146568,437962,1000203,1584847
142334,713926,1000283,1856798
106348,477222,1000200,1583904
438514,726507,1000331,2165569
542430,461568,1000229,2004364
175256,583494,1000290,1759261
49756,712785,1000287,1763088
233087,453225,1000205,1686649
174974,425402,1000198,1600702
122628,458285,1000185,1581215
109124,705645,1000287,1815274
177511,423350,1000207,1601204
182963,716824,1000284,1900248
86287,474129,1000197,1560740
449984,693545,1000220,2143892
178983,465897,1000244,1645276
294733,717734,1000264,2012967
128172,600793,1000278,1729464
52591,671863,1000209,1724803
72104,481984,1000186,1554374
185159,716110,1000275,1901762
141801,430352,1000198,1572542
214318,711653,1000281,1926471
127011,464788,1000197,1592129
303208,453840,1000207,1757369
495678,684085,1000226,2180133
228729,472574,1000204,1701648
162598,712509,1000286,1875569
32994,426395,1000195,1459737
56780,713702,1000288,1770991
315453,469501,1000200,1785295
140627,715126,1000295,1856233
140674,427613,1000208,1568610
272780,441675,1000198,1714780
223371,716480,1000278,1940345
61481,463313,1000231,1525155
89132,716701,1000282,1806289
231081,472296,1000203,1703712
231609,715111,1000275,1947246
122532,455285,1000195,1578147
290581,710357,1000280,2001399
140075,425861,1000197,1566265
188622,712547,1000277,1901700
66656,454795,1000207,1521792
367261,713264,1000278,2081021
89192,454227,1000199,1543754
61364,715756,1000278,1777657
63661,453691,1000206,1517687
271378,708992,1000304,1980893
65026,506411,1000298,1571947
190889,716632,1000280,1908009
364498,459053,1000268,1823950
49598,432178,1000201,1482111
181839,478594,1000197,1660760
230626,430112,1000200,1661069
288241,427088,1000202,1715660
216764,465267,1000258,1682786
77116,451553,1000181,1528999
262281,468216,1000197,1730844
172310,468111,1000209,1640756
237841,453239,1000200,1691772
191560,468932,1000198,1660801
400312,609899,1000282,2010710
176833,664997,1000204,1842169
124290,450082,1000193,1574676
313000,517626,1000274,1831116
131238,710177,1000278,1841956
66603,478407,1000199,1545320
267321,456828,1000196,1724499
328126,729438,1000331,2058159
149391,453640,1000204,1603372
109704,728151,1000332,1838408
159812,473455,1000204,1633631
114532,712103,1000277,1827130
259250,455541,1000189,1715432
88152,431351,1000209,1519852
110928,458702,1000200,1569962
370327,474248,1000199,1844913
280704,714270,1000286,1995511
71724,477599,1000225,1549683
129418,711219,1000296,1841156
158063,663817,1000282,1822381
182573,609426,1000199,1792333
386992,718817,1000204,2106159
235826,433148,1000202,1669305
192384,714098,1000290,1906951
323856,454213,1000230,1778431
220981,708293,1000254,1929724
410485,479177,1000253,1890038
218604,475630,1000242,1694603
321777,424692,1000199,1746793
134265,715631,1000290,1850404
404941,464127,1000223,1869431
61408,459557,1000203,1521280
193478,426369,1000189,1620159
131802,717339,1000279,1849628
112250,467981,1000211,1580578
307103,713631,1000288,2021203
40822,453853,1000199,1495028
73869,710796,1000283,1785165
196738,431457,1000198,1628524
65075,715464,1000279,1781035
56645,448852,1000205,1505835
112794,710433,1000353,1823760
63275,472845,1000199,1536456
214624,722917,1000300,1938043
227439,440413,1000201,1668181
107265,713580,1000277,1821336
202116,437217,1000205,1639670
50664,708866,1000283,1760054
159155,445797,1000206,1605296
147015,437533,1000204,1584865
290336,715352,1000285,2006182
34301,463612,1000233,1498304
160382,711785,1000280,1872703
137526,445120,1000193,1582968
235131,709644,1000276,1945265
151447,469130,1000196,1620883
148367,710651,1000284,1859514
209108,478687,1000223,1688147
114516,445391,1000220,1560266
258175,451233,1000228,1709778
135229,467199,1000200,1602763
85055,713703,1000289,1799229
279208,465579,1000204,1745122
183280,711916,1000309,1895725
81717,455425,1000225,1537502
233930,432537,1000185,1666752
172247,441788,1000195,1614356
193855,716307,1000280,1910621
74127,471351,1000199,1545813
192666,712115,1000283,1905232
122230,498761,1000204,1621339
137519,710441,1000285,1848459
78518,430673,1000200,1509524
372225,730227,1000322,2103040
125149,458051,1000189,1583516
161382,712798,1000275,1874711
145591,444331,1000205,1590257
104967,715290,1000287,1820760
133233,442256,1000204,1575806
49990,478752,1000206,1529090
102981,718311,1000318,1821817
118512,431894,1000201,1550741
232938,715246,1000286,1948690
150715,426170,1000235,1577256
397702,715039,1000260,2113248
356969,449531,1000223,1806839
232244,455007,1000206,1687597
